-- // converted using mech's animoduler
local cfr = CFrame.new

return {
	{
		tm = 0;
		["Torso"] = {
			cf = cfr(0,0,0,.562,.822,.088,-.816,.535,.218,.132,-.194,.972);
			es = "Back";
			ed = "In";
		};
		["Head"] = {
			cf = cfr(0,0,0,.579,-.802,.148,.815,.564,-.131,.022,.197,.98);
			es = "Back";
			ed = "In";
		};
		["Right Arm"] = {
			cf = cfr(.088,.456,.492,-.374,.463,-.804,.683,-.449,-.576,-.628,-.764,-.148);
			es = "Back";
			ed = "In";
		};
		["BunkerHill"] = {
			cf = cfr(0,.051,-.097,1,0,0,0,.996,.087,0,-.087,.996);
			es = "Back";
			ed = "In";
		};
		};
	{
		tm = .017;
		["Torso"] = {
			cf = cfr(0,0,0,.546,.833,.091,-.827,.519,.217,.133,-.194,.972);
			es = "Linear";
			ed = "In";
		};
		["Head"] = {
			cf = cfr(0,0,0,.563,-.813,.149,.826,.549,-.13,.024,.197,.98);
			es = "Linear";
			ed = "In";
		};
		["Right Arm"] = {
			cf = cfr(.09,.456,.492,-.36,.47,-.806,.683,-.455,-.571,-.635,-.756,-.157);
			es = "Linear";
			ed = "In";
		};
		["BunkerHill"] = {
			cf = cfr(0,.051,-.097,1,0,0,0,.996,.089,0,-.089,.996);
			es = "Linear";
			ed = "In";
		};
		};
	{
		tm = .033;
		["Torso"] = {
			cf = cfr(0,0,0,.504,.858,.1,-.853,.476,.215,.137,-.194,.971);
			es = "Linear";
			ed = "In";
		};
		["Head"] = {
			cf = cfr(0,0,0,.522,-.84,.152,.853,.507,-.126,.029,.195,.98);
			es = "Linear";
			ed = "In";
		};
		["Right Arm"] = {
			cf = cfr(.097,.455,.491,-.325,.489,-.81,.683,-.47,-.558,-.654,-.735,-.181);
			es = "Linear";
			ed = "In";
		};
		["BunkerHill"] = {
			cf = cfr(0,.051,-.097,1,0,0,0,.995,.095,0,-.095,.995);
			es = "Linear";
			ed = "In";
		};
		};
	{
		tm = .05;
		["Torso"] = {
			cf = cfr(0,0,0,.443,.89,.112,-.886,.414,.211,.141,-.193,.971);
			es = "Linear";
			ed = "In";
		};
		["Head"] = {
			cf = cfr(0,0,0,.462,-.873,.155,.886,.447,-.121,.037,.193,.981);
			es = "Linear";
			ed = "In";
		};
		["Right Arm"] = {
			cf = cfr(.106,.454,.49,-.275,.513,-.813,.683,-.491,-.541,-.677,-.704,-.215);
			es = "Linear";
			ed = "In";
		};
		["BunkerHill"] = {
			cf = cfr(0,.051,-.097,1,0,0,0,.995,.102,0,-.102,.995);
			es = "Linear";
			ed = "In";
		};
		};
	{
		tm = .067;
		["Torso"] = {
			cf = cfr(0,0,0,.371,.92,.126,-.917,.342,.206,.146,-.192,.971);
			es = "Linear";
			ed = "In";
		};
		["Head"] = {
			cf = cfr(0,0,0,.392,-.907,.158,.919,.377,-.115,.045,.19,.981);
			es = "Linear";
			ed = "In";
		};
		["Right Arm"] = {
			cf = cfr(.117,.452,.488,-.218,.537,-.815,.68,-.515,-.521,-.7,-.668,-.253);
			es = "Linear";
			ed = "In";
		};
		["BunkerHill"] = {
			cf = cfr(0,.051,-.097,1,0,0,0,.994,.111,0,-.111,.994);
			es = "Linear";
			ed = "In";
		};
		};
	{
		tm = .083;
		["Torso"] = {
			cf = cfr(0,0,0,.301,.944,.138,-.942,.271,.2,.151,-.19,.97);
			es = "Linear";
			ed = "In";
		};
		["Head"] = {
			cf = cfr(0,0,0,.322,-.933,.16,.945,.307,-.109,.052,.186,.981);
			es = "Linear";
			ed = "In";
		};
		["Right Arm"] = {
			cf = cfr(.127,.451,.487,-.161,.558,-.814,.676,-.538,-.503,-.719,-.632,-.291);
			es = "Linear";
			ed = "In";
		};
		["BunkerHill"] = {
			cf = cfr(0,.051,-.097,1,0,0,0,.993,.119,0,-.119,.993);
			es = "Linear";
			ed = "In";
		};
		};
	{
		tm = .1;
		["Torso"] = {
			cf = cfr(0,0,0,.242,.959,.148,-.958,.212,.194,.155,-.189,.97);
			es = "Linear";
			ed = "In";
		};
		["Head"] = {
			cf = cfr(0,0,0,.264,-.951,.161,.963,.249,-.104,.058,.183,.981);
			es = "Linear";
			ed = "In";
		};
		["Right Arm"] = {
			cf = cfr(.136,.45,.486,-.115,.573,-.811,.671,-.557,-.489,-.732,-.601,-.321);
			es = "Linear";
			ed = "In";
		};
		["BunkerHill"] = {
			cf = cfr(0,.051,-.097,1,0,0,0,.992,.126,0,-.126,.992);
			es = "Linear";
			ed = "In";
		};
		};
	{
		tm = .117;
		["Torso"] = {
			cf = cfr(0,0,0,.207,.966,.153,-.966,.177,.19,.157,-.188,.97);
			es = "Linear";
			ed = "In";
		};
		["Head"] = {
			cf = cfr(0,0,0,.229,-.96,.162,.971,.215,-.101,.062,.181,.982);
			es = "Linear";
			ed = "In";
		};
		["Right Arm"] = {
			cf = cfr(.14,.449,.485,-.087,.581,-.809,.668,-.568,-.48,-.739,-.582,-.339);
			es = "Linear";
			ed = "In";
		};
		["BunkerHill"] = {
			cf = cfr(0,.051,-.097,1,0,0,0,.992,.13,0,-.13,.992);
			es = "Linear";
			ed = "In";
		};
		};
	{
		tm = .133;
		["Torso"] = {
			cf = cfr(0,0,0,.207,.966,.153,-.966,.177,.19,.157,-.188,.97);
			es = "Linear";
			ed = "In";
		};
		["Head"] = {
			cf = cfr(0,0,0,.23,-.96,.162,.971,.215,-.101,.062,.181,.982);
			es = "Linear";
			ed = "In";
		};
		["Right Arm"] = {
			cf = cfr(.14,.449,.485,-.088,.581,-.809,.668,-.568,-.48,-.739,-.583,-.339);
			es = "Linear";
			ed = "In";
		};
		["BunkerHill"] = {
			cf = cfr(0,.051,-.097,1,0,0,0,.992,.13,0,-.13,.992);
			es = "Linear";
			ed = "In";
		};
		};
	{
		tm = .15;
		["Torso"] = {
			cf = cfr(0,0,0,.254,.956,.146,-.955,.224,.195,.154,-.189,.97);
			es = "Linear";
			ed = "In";
		};
		["Head"] = {
			cf = cfr(0,0,0,.276,-.948,.161,.959,.261,-.105,.057,.184,.981);
			es = "Linear";
			ed = "In";
		};
		["Right Arm"] = {
			cf = cfr(.134,.45,.486,-.124,.57,-.812,.673,-.553,-.492,-.73,-.607,-.315);
			es = "Linear";
			ed = "In";
		};
		["BunkerHill"] = {
			cf = cfr(0,.051,-.097,1,0,0,0,.992,.125,0,-.125,.992);
			es = "Linear";
			ed = "In";
		};
		};
	{
		tm = .167;
		["Torso"] = {
			cf = cfr(0,0,0,.356,.926,.129,-.923,.326,.204,.147,-.191,.97);
			es = "Linear";
			ed = "In";
		};
		["Head"] = {
			cf = cfr(0,0,0,.376,-.913,.158,.925,.362,-.114,.047,.189,.981);
			es = "Linear";
			ed = "In";
		};
		["Right Arm"] = {
			cf = cfr(.119,.452,.488,-.205,.542,-.815,.68,-.52,-.517,-.704,-.66,-.262);
			es = "Linear";
			ed = "In";
		};
		["BunkerHill"] = {
			cf = cfr(0,.051,-.097,1,0,0,0,.994,.113,0,-.113,.994);
			es = "Linear";
			ed = "In";
		};
		};
	{
		tm = .183;
		["Torso"] = {
			cf = cfr(0,0,0,.515,.852,.098,-.847,.487,.215,.136,-.194,.972);
			es = "Linear";
			ed = "In";
		};
		["Head"] = {
			cf = cfr(0,0,0,.532,-.833,.151,.846,.518,-.127,.028,.196,.98);
			es = "Linear";
			ed = "In";
		};
		["Right Arm"] = {
			cf = cfr(.095,.455,.491,-.334,.484,-.809,.683,-.466,-.562,-.649,-.74,-.175);
			es = "Linear";
			ed = "In";
		};
		["BunkerHill"] = {
			cf = cfr(0,.051,-.097,1,0,0,0,.996,.093,0,-.093,.996);
			es = "Linear";
			ed = "In";
		};
		};
	{
		tm = .2;
		["Torso"] = {
			cf = cfr(0,0,0,.716,.696,.051,-.688,.691,.222,.119,-.194,.974);
			es = "Linear";
			ed = "In";
		};
		["Head"] = {
			cf = cfr(0,0,0,.729,-.67,.137,.684,.715,-.145,-.001,.199,.98);
			es = "Linear";
			ed = "In";
		};
		["Right Arm"] = {
			cf = cfr(.06,.46,.496,-.507,.377,-.775,.671,-.391,-.629,-.54,-.84,-.055);
			es = "Linear";
			ed = "In";
		};
		["BunkerHill"] = {
			cf = cfr(0,.051,-.097,1,0,0,0,.998,.065,0,-.065,.998);
			es = "Linear";
			ed = "In";
		};
		};
	{
		tm = .217;
		["Torso"] = {
			cf = cfr(0,0,0,.911,.411,-.012,-.4,.892,.21,.097,-.187,.978);
			es = "Linear";
			ed = "In";
		};
		["Head"] = {
			cf = cfr(0,0,0,.918,-.38,.112,.395,.905,-.161,-.04,.192,.981);
			es = "Linear";
			ed = "In";
		};
		["Right Arm"] = {
			cf = cfr(.013,.466,.503,-.701,.196,-.686,.623,-.301,-.722,-.348,-.933,.089);
			es = "Linear";
			ed = "In";
		};
		["BunkerHill"] = {
			cf = cfr(0,.051,-.097,1,0,0,0,1,.026,0,-.026,1);
			es = "Linear";
			ed = "In";
		};
		};
	{
		tm = .233;
		["Torso"] = {
			cf = cfr(0,0,0,.996,-.028,-.081,.042,.986,.164,.076,-.167,.983);
			es = "Linear";
			ed = "In";
		};
		["Head"] = {
			cf = cfr(0,0,0,.996,.059,.073,-.046,.985,-.168,-.082,.164,.983);
			es = "Linear";
			ed = "In";
		};
		["Right Arm"] = {
			cf = cfr(-.049,.475,.511,-.858,-.076,-.507,.511,-.215,-.832,-.046,-.974,.223);
			es = "Linear";
			ed = "In";
		};
		["BunkerHill"] = {
			cf = cfr(0,.051,-.097,1,0,0,0,1,-.024,0,.024,1);
			es = "Linear";
			ed = "In";
		};
		};
	{
		tm = .25;
		["Torso"] = {
			cf = cfr(0,0,0,.817,-.562,-.128,.573,.816,.072,.064,-.132,.989);
			es = "Expo";
			ed = "Out";
		};
		["Head"] = {
			cf = cfr(0,0,0,.812,.584,.027,-.574,.805,-.152,-.111,.108,.988);
			es = "Expo";
			ed = "Out";
		};
		["Right Arm"] = {
			cf = cfr(-.127,.485,.522,-.879,-.423,-.22,.316,-.173,-.933,.357,-.889,.286);
			es = "Expo";
			ed = "Out";
		};
		["BunkerHill"] = {
			cf = cfr(0,.051,-.097,1,0,0,0,.996,-.087,0,.087,.996);
			es = "Expo";
			ed = "Out";
		};
		};
	{
		tm = .267;
		["Torso"] = {
			cf = cfr(0,0,0,.537,-.836,-.114,.84,.542,-.02,.079,-.085,.993);
			es = "Linear";
			ed = "In";
		};
		["Head"] = {
			cf = cfr(0,0,0,.559,.828,.031,-.824,.559,-.091,-.092,.026,.995);
			es = "Linear";
			ed = "In";
		};
		["Right Arm"] = {
			cf = cfr(.261,.406,.407,-.465,-.859,-.214,.356,.039,-.934,.81,-.51,.288);
			es = "Linear";
			ed = "In";
		};
		["BunkerHill"] = {
			cf = cfr(0,.036,-.063,1,0,0,0,.977,-.215,0,.215,.977);
			es = "Linear";
			ed = "In";
		};
		};
	{
		tm = .283;
		["Torso"] = {
			cf = cfr(0,0,0,.316,-.945,-.088,.944,.323,-.073,.097,-.059,.993);
			es = "Linear";
			ed = "In";
		};
		["Head"] = {
			cf = cfr(0,0,0,.362,.931,.044,-.93,.364,-.053,-.066,-.021,.998);
			es = "Linear";
			ed = "In";
		};
		["Right Arm"] = {
			cf = cfr(.504,.356,.334,-.1,-.973,-.21,.312,.169,-.935,.945,-.159,.287);
			es = "Linear";
			ed = "In";
		};
		["BunkerHill"] = {
			cf = cfr(0,.026,-.042,1,0,0,0,.956,-.294,0,.294,.956);
			es = "Linear";
			ed = "In";
		};
		};
	{
		tm = .3;
		["Torso"] = {
			cf = cfr(0,0,0,.167,-.984,-.064,.98,.173,-.102,.112,-.046,.993);
			es = "Linear";
			ed = "In";
		};
		["Head"] = {
			cf = cfr(0,0,0,.229,.972,.056,-.972,.231,-.032,-.044,-.047,.998);
			es = "Linear";
			ed = "In";
		};
		["Right Arm"] = {
			cf = cfr(.658,.324,.288,.141,-.968,-.208,.26,.239,-.936,.955,.078,.286);
			es = "Linear";
			ed = "In";
		};
		["BunkerHill"] = {
			cf = cfr(0,.02,-.029,1,0,0,0,.94,-.342,0,.342,.94);
			es = "Linear";
			ed = "In";
		};
		};
	{
		tm = .317;
		["Torso"] = {
			cf = cfr(0,0,0,.07,-.996,-.047,.99,.076,-.119,.122,-.039,.992);
			es = "Linear";
			ed = "In";
		};
		["Head"] = {
			cf = cfr(0,0,0,.143,.988,.065,-.989,.144,-.019,-.028,-.062,.998);
			es = "Linear";
			ed = "In";
		};
		["Right Arm"] = {
			cf = cfr(.755,.304,.259,.29,-.934,-.206,.219,.275,-.936,.932,.227,.284);
			es = "Linear";
			ed = "In";
		};
		["BunkerHill"] = {
			cf = cfr(0,.016,-.021,1,0,0,0,.928,-.372,0,.372,.928);
			es = "Linear";
			ed = "In";
		};
		};
	{
		tm = .333;
		["Torso"] = {
			cf = cfr(0,0,0,.009,-.999,-.036,.992,.014,-.128,.129,-.035,.991);
			es = "Linear";
			ed = "In";
		};
		["Head"] = {
			cf = cfr(0,0,0,.088,.994,.072,-.996,.089,-.012,-.018,-.07,.997);
			es = "Linear";
			ed = "In";
		};
		["Right Arm"] = {
			cf = cfr(.816,.292,.241,.381,-.902,-.206,.19,.294,-.937,.905,.317,.284);
			es = "Linear";
			ed = "In";
		};
		["BunkerHill"] = {
			cf = cfr(0,.013,-.015,1,0,0,0,.92,-.391,0,.391,.92);
			es = "Linear";
			ed = "In";
		};
		};
	{
		tm = .35;
		["Torso"] = {
			cf = cfr(0,0,0,-.029,-.999,-.029,.991,-.025,-.134,.133,-.032,.991);
			es = "Linear";
			ed = "In";
		};
		["Head"] = {
			cf = cfr(0,0,0,.053,.996,.076,-.999,.053,-.007,-.011,-.076,.997);
			es = "Linear";
			ed = "In";
		};
		["Right Arm"] = {
			cf = cfr(.854,.284,.23,.436,-.876,-.205,.172,.305,-.937,.884,.373,.283);
			es = "Linear";
			ed = "In";
		};
		["BunkerHill"] = {
			cf = cfr(0,.012,-.012,1,0,0,0,.915,-.403,0,.403,.915);
			es = "Linear";
			ed = "In";
		};
		};
	{
		tm = .367;
		["Torso"] = {
			cf = cfr(0,0,0,-.053,-.998,-.024,.989,-.049,-.137,.136,-.031,.99);
			es = "Linear";
			ed = "In";
		};
		["Head"] = {
			cf = cfr(0,0,0,.031,.996,.079,-1,.031,-.004,-.007,-.079,.997);
			es = "Linear";
			ed = "In";
		};
		["Right Arm"] = {
			cf = cfr(.879,.279,.222,.47,-.859,-.205,.159,.311,-.937,.868,.407,.283);
			es = "Linear";
			ed = "In";
		};
		["BunkerHill"] = {
			cf = cfr(0,.011,-.01,1,0,0,0,.912,-.41,0,.41,.912);
			es = "Linear";
			ed = "In";
		};
		};
	{
		tm = .383;
		["Torso"] = {
			cf = cfr(0,0,0,-.068,-.997,-.021,.988,-.065,-.139,.138,-.03,.99);
			es = "Linear";
			ed = "In";
		};
		["Head"] = {
			cf = cfr(0,0,0,.017,.997,.081,-1,.017,-.003,-.004,-.08,.997);
			es = "Linear";
			ed = "In";
		};
		["Right Arm"] = {
			cf = cfr(.894,.276,.218,.49,-.847,-.205,.151,.315,-.937,.858,.429,.283);
			es = "Linear";
			ed = "In";
		};
		["BunkerHill"] = {
			cf = cfr(0,.01,-.009,1,0,0,0,.91,-.415,0,.415,.91);
			es = "Linear";
			ed = "In";
		};
		};
	{
		tm = .4;
		["Torso"] = {
			cf = cfr(0,0,0,-.078,-.997,-.019,.987,-.075,-.141,.139,-.029,.99);
			es = "Linear";
			ed = "In";
		};
		["Head"] = {
			cf = cfr(0,0,0,.008,.997,.082,-1,.009,-.002,-.002,-.082,.997);
			es = "Linear";
			ed = "In";
		};
		["Right Arm"] = {
			cf = cfr(.903,.274,.215,.504,-.839,-.205,.146,.317,-.937,.851,.442,.283);
			es = "Linear";
			ed = "In";
		};
		["BunkerHill"] = {
			cf = cfr(0,.01,-.008,1,0,0,0,.908,-.418,0,.418,.908);
			es = "Linear";
			ed = "In";
		};
		};
	{
		tm = .417;
		["Torso"] = {
			cf = cfr(0,0,0,-.084,-.996,-.018,.987,-.081,-.141,.139,-.029,.99);
			es = "Linear";
			ed = "In";
		};
		["Head"] = {
			cf = cfr(0,0,0,.003,.997,.082,-1,.003,-.001,-.001,-.082,.997);
			es = "Linear";
			ed = "In";
		};
		["Right Arm"] = {
			cf = cfr(.909,.272,.213,.512,-.834,-.205,.143,.318,-.937,.847,.45,.282);
			es = "Linear";
			ed = "In";
		};
		["BunkerHill"] = {
			cf = cfr(0,.009,-.007,1,0,0,0,.908,-.42,0,.42,.908);
			es = "Linear";
			ed = "In";
		};
		};
	{
		tm = .433;
		["Torso"] = {
			cf = cfr(0,0,0,-.088,-.996,-.017,.986,-.084,-.142,.14,-.029,.99);
			es = "Linear";
			ed = "In";
		};
		["Head"] = {
			cf = cfr(0,0,0,-.001,.997,.083,-1,-.001,0,0,-.083,.997);
			es = "Linear";
			ed = "In";
		};
		["Right Arm"] = {
			cf = cfr(.913,.272,.212,.517,-.831,-.205,.141,.319,-.937,.844,.455,.282);
			es = "Linear";
			ed = "In";
		};
		["BunkerHill"] = {
			cf = cfr(0,.009,-.007,1,0,0,0,.907,-.421,0,.421,.907);
			es = "Linear";
			ed = "In";
		};
		};
	{
		tm = .45;
		["Torso"] = {
			cf = cfr(0,0,0,-.09,-.996,-.016,.986,-.087,-.142,.14,-.029,.99);
			es = "Linear";
			ed = "In";
		};
		["Head"] = {
			cf = cfr(0,0,0,-.003,.997,.083,-1,-.003,0,0,-.083,.997);
			es = "Linear";
			ed = "In";
		};
		["Right Arm"] = {
			cf = cfr(.916,.271,.211,.52,-.829,-.205,.14,.32,-.937,.843,.459,.282);
			es = "Linear";
			ed = "In";
		};
		["BunkerHill"] = {
			cf = cfr(0,.009,-.007,1,0,0,0,.907,-.422,0,.422,.907);
			es = "Linear";
			ed = "In";
		};
		};
	{
		tm = .467;
		["Torso"] = {
			cf = cfr(0,0,0,-.092,-.996,-.016,.986,-.088,-.142,.14,-.029,.99);
			es = "Linear";
			ed = "In";
		};
		["Head"] = {
			cf = cfr(0,0,0,-.004,.997,.083,-1,-.004,0,0,-.083,.997);
			es = "Linear";
			ed = "In";
		};
		["Right Arm"] = {
			cf = cfr(.917,.271,.211,.522,-.828,-.205,.139,.32,-.937,.841,.461,.282);
			es = "Linear";
			ed = "In";
		};
		["BunkerHill"] = {
			cf = cfr(0,.009,-.006,1,0,0,0,.907,-.422,0,.422,.907);
			es = "Linear";
			ed = "In";
		};
		};
	{
		tm = .483;
		["Torso"] = {
			cf = cfr(0,0,0,-.093,-.996,-.016,.986,-.089,-.142,.14,-.029,.99);
			es = "Linear";
			ed = "In";
		};
		["Head"] = {
			cf = cfr(0,0,0,-.005,.997,.083,-1,-.005,0,0,-.083,.997);
			es = "Linear";
			ed = "In";
		};
		["Right Arm"] = {
			cf = cfr(.918,.271,.211,.523,-.827,-.205,.139,.32,-.937,.841,.462,.282);
			es = "Linear";
			ed = "In";
		};
		["BunkerHill"] = {
			cf = cfr(0,.009,-.006,1,0,0,0,.906,-.422,0,.422,.906);
			es = "Linear";
			ed = "In";
		};
		};
	{
		tm = .5;
		["Torso"] = {
			cf = cfr(0,0,0,-.093,-.996,-.016,.986,-.09,-.143,.141,-.029,.99);
			es = "Linear";
			ed = "In";
		};
		["Head"] = {
			cf = cfr(0,0,0,-.005,.996,.083,-1,-.006,0,.001,-.083,.997);
			es = "Linear";
			ed = "In";
		};
		["Right Arm"] = {
			cf = cfr(.919,.27,.21,.524,-.827,-.205,.138,.32,-.937,.84,.463,.282);
			es = "Linear";
			ed = "In";
		};
		["BunkerHill"] = {
			cf = cfr(0,.009,-.006,1,0,0,0,.906,-.423,0,.423,.906);
			es = "Linear";
			ed = "In";
		};
	};
	{
		tm = .667;
		["Torso"] = {
			cf = cfr(0,0,0,-.093,-.996,-.016,.986,-.09,-.143,.141,-.029,.99);
			es = "Linear";
			ed = "In";
		};
		["Head"] = {
			cf = cfr(0,0,0,-.005,.996,.083,-1,-.006,0,.001,-.083,.997);
			es = "Linear";
			ed = "In";
		};
		["Right Arm"] = {
			cf = cfr(.919,.27,.21,.524,-.827,-.205,.138,.32,-.937,.84,.463,.282);
			es = "Linear";
			ed = "In";
		};
		["BunkerHill"] = {
			cf = cfr(0,.009,-.006,1,0,0,0,.906,-.423,0,.423,.906);
			es = "Linear";
			ed = "In";
		};
	};
}