-- // converted using mech's animoduler
local cfr = CFrame.new

return {
	{
		tm = 0;
		["Torso"] = {
			cf = cfr(0,0,0,.081,-.997,-.016,.986,.083,-.143,.143,-.004,.99);
			es = "Back";
			ed = "In";
		};
		["Head"] = {
			cf = cfr(0,0,0,.253,.964,.083,-.967,.253,0,-.021,-.081,.997);
			es = "Back";
			ed = "In";
		};
		["Right Arm"] = {
			cf = cfr(.876,-.629,.05,-.561,-.576,.595,.276,.548,.79,-.781,.607,-.148);
			es = "Back";
			ed = "In";
		};
		["BunkerHill"] = {
			cf = cfr(0,.009,-.006,1,0,0,0,.906,-.423,0,.423,.906);
			es = "Back";
			ed = "In";
		};
		};
	{
		tm = .017;
		["Torso"] = {
			cf = cfr(0,0,0,.076,-.997,-.016,.986,.077,-.145,.145,-.005,.989);
			es = "Linear";
			ed = "In";
		};
		["Head"] = {
			cf = cfr(0,0,0,.249,.965,.084,-.968,.249,.001,-.021,-.082,.996);
			es = "Linear";
			ed = "In";
		};
		["Right Arm"] = {
			cf = cfr(.887,-.631,.041,-.571,-.564,.596,.286,.544,.789,-.77,.621,-.149);
			es = "Linear";
			ed = "In";
		};
		["BunkerHill"] = {
			cf = cfr(0,.009,-.005,1,0,0,0,.904,-.427,0,.427,.904);
			es = "Linear";
			ed = "In";
		};
		};
	{
		tm = .033;
		["Torso"] = {
			cf = cfr(0,0,0,.062,-.998,-.018,.987,.064,-.15,.151,-.008,.989);
			es = "Linear";
			ed = "In";
		};
		["Head"] = {
			cf = cfr(0,0,0,.238,.967,.087,-.971,.239,.002,-.019,-.085,.996);
			es = "Linear";
			ed = "In";
		};
		["Right Arm"] = {
			cf = cfr(.916,-.636,.017,-.596,-.534,.6,.311,.535,.786,-.74,.655,-.152);
			es = "Linear";
			ed = "In";
		};
		["BunkerHill"] = {
			cf = cfr(0,.009,-.002,1,0,0,0,.898,-.44,0,.44,.898);
			es = "Linear";
			ed = "In";
		};
		};
	{
		tm = .05;
		["Torso"] = {
			cf = cfr(0,0,0,.043,-.999,-.02,.987,.045,-.157,.158,-.013,.987);
			es = "Linear";
			ed = "In";
		};
		["Head"] = {
			cf = cfr(0,0,0,.223,.971,.09,-.975,.224,.003,-.017,-.089,.996);
			es = "Linear";
			ed = "In";
		};
		["Right Arm"] = {
			cf = cfr(.957,-.643,-.017,-.628,-.49,.604,.346,.519,.782,-.697,.7,-.157);
			es = "Linear";
			ed = "In";
		};
		["BunkerHill"] = {
			cf = cfr(0,.009,.002,1,0,0,0,.889,-.457,0,.457,.889);
			es = "Linear";
			ed = "In";
		};
		};
	{
		tm = .067;
		["Torso"] = {
			cf = cfr(0,0,0,.021,-1,-.022,.986,.024,-.166,.166,-.018,.986);
			es = "Linear";
			ed = "In";
		};
		["Head"] = {
			cf = cfr(0,0,0,.206,.974,.094,-.978,.207,.005,-.015,-.093,.996);
			es = "Linear";
			ed = "In";
		};
		["Right Arm"] = {
			cf = cfr(1.002,-.65,-.055,-.662,-.439,.608,.383,.499,.777,-.645,.747,-.162);
			es = "Linear";
			ed = "In";
		};
		["BunkerHill"] = {
			cf = cfr(0,.009,.007,1,0,0,0,.879,-.476,0,.476,.879);
			es = "Linear";
			ed = "In";
		};
		};
	{
		tm = .083;
		["Torso"] = {
			cf = cfr(0,0,0,0,-1,-.024,.985,.004,-.174,.174,-.024,.985);
			es = "Linear";
			ed = "In";
		};
		["Head"] = {
			cf = cfr(0,0,0,.19,.977,.098,-.982,.19,.006,-.012,-.098,.995);
			es = "Linear";
			ed = "In";
		};
		["Right Arm"] = {
			cf = cfr(1.046,-.658,-.092,-.69,-.387,.612,.418,.477,.773,-.591,.789,-.168);
			es = "Linear";
			ed = "In";
		};
		["BunkerHill"] = {
			cf = cfr(0,.009,.012,1,0,0,0,.869,-.494,0,.494,.869);
			es = "Linear";
			ed = "In";
		};
		};
	{
		tm = .1;
		["Torso"] = {
			cf = cfr(0,0,0,-.017,-1,-.025,.984,-.012,-.18,.18,-.028,.983);
			es = "Linear";
			ed = "In";
		};
		["Head"] = {
			cf = cfr(0,0,0,.177,.979,.102,-.984,.177,.008,-.011,-.101,.995);
			es = "Linear";
			ed = "In";
		};
		["Right Arm"] = {
			cf = cfr(1.082,-.664,-.122,-.71,-.343,.615,.445,.458,.77,-.546,.82,-.172);
			es = "Linear";
			ed = "In";
		};
		["BunkerHill"] = {
			cf = cfr(0,.009,.016,1,0,0,0,.861,-.509,0,.509,.861);
			es = "Linear";
			ed = "In";
		};
		};
	{
		tm = .117;
		["Torso"] = {
			cf = cfr(0,0,0,-.027,-.999,-.026,.983,-.022,-.184,.183,-.031,.983);
			es = "Linear";
			ed = "In";
		};
		["Head"] = {
			cf = cfr(0,0,0,.169,.98,.103,-.986,.169,.008,-.009,-.103,.995);
			es = "Linear";
			ed = "In";
		};
		["Right Arm"] = {
			cf = cfr(1.103,-.668,-.14,-.721,-.317,.616,.46,.446,.768,-.518,.837,-.175);
			es = "Linear";
			ed = "In";
		};
		["BunkerHill"] = {
			cf = cfr(0,.009,.018,1,0,0,0,.856,-.518,0,.518,.856);
			es = "Linear";
			ed = "In";
		};
		};
	{
		tm = .133;
		["Torso"] = {
			cf = cfr(0,0,0,-.027,-.999,-.026,.983,-.022,-.184,.183,-.031,.983);
			es = "Linear";
			ed = "In";
		};
		["Head"] = {
			cf = cfr(0,0,0,.169,.98,.103,-.986,.169,.008,-.009,-.103,.995);
			es = "Linear";
			ed = "In";
		};
		["Right Arm"] = {
			cf = cfr(1.103,-.668,-.139,-.721,-.318,.616,.46,.446,.768,-.519,.837,-.175);
			es = "Linear";
			ed = "In";
		};
		["BunkerHill"] = {
			cf = cfr(0,.009,.018,1,0,0,0,.856,-.517,0,.517,.856);
			es = "Linear";
			ed = "In";
		};
		};
	{
		tm = .15;
		["Torso"] = {
			cf = cfr(0,0,0,-.013,-1,-.025,.984,-.009,-.179,.179,-.027,.984);
			es = "Linear";
			ed = "In";
		};
		["Head"] = {
			cf = cfr(0,0,0,.18,.979,.101,-.984,.18,.007,-.011,-.101,.995);
			es = "Linear";
			ed = "In";
		};
		["Right Arm"] = {
			cf = cfr(1.075,-.663,-.116,-.706,-.352,.614,.439,.462,.77,-.555,.814,-.171);
			es = "Linear";
			ed = "In";
		};
		["BunkerHill"] = {
			cf = cfr(0,.009,.015,1,0,0,0,.863,-.506,0,.506,.863);
			es = "Linear";
			ed = "In";
		};
		};
	{
		tm = .167;
		["Torso"] = {
			cf = cfr(0,0,0,.016,-1,-.022,.986,.02,-.167,.168,-.019,.986);
			es = "Linear";
			ed = "In";
		};
		["Head"] = {
			cf = cfr(0,0,0,.203,.975,.095,-.979,.203,.005,-.014,-.094,.995);
			es = "Linear";
			ed = "In";
		};
		["Right Arm"] = {
			cf = cfr(1.012,-.652,-.064,-.668,-.427,.609,.391,.495,.776,-.633,.757,-.163);
			es = "Linear";
			ed = "In";
		};
		["BunkerHill"] = {
			cf = cfr(0,.009,.008,1,0,0,0,.877,-.48,0,.48,.877);
			es = "Linear";
			ed = "In";
		};
		};
	{
		tm = .183;
		["Torso"] = {
			cf = cfr(0,0,0,.066,-.998,-.017,.987,.067,-.149,.149,-.007,.989);
			es = "Linear";
			ed = "In";
		};
		["Head"] = {
			cf = cfr(0,0,0,.241,.967,.086,-.97,.241,.001,-.019,-.084,.996);
			es = "Linear";
			ed = "In";
		};
		["Right Arm"] = {
			cf = cfr(.909,-.634,.023,-.59,-.542,.599,.305,.537,.786,-.748,.646,-.152);
			es = "Linear";
			ed = "In";
		};
		["BunkerHill"] = {
			cf = cfr(0,.009,-.003,1,0,0,0,.9,-.437,0,.437,.9);
			es = "Linear";
			ed = "In";
		};
		};
	{
		tm = .2;
		["Torso"] = {
			cf = cfr(0,0,0,.137,-.991,-.008,.983,.137,-.121,.121,.008,.993);
			es = "Linear";
			ed = "In";
		};
		["Head"] = {
			cf = cfr(0,0,0,.295,.953,.073,-.955,.296,-.005,-.026,-.069,.997);
			es = "Linear";
			ed = "In";
		};
		["Right Arm"] = {
			cf = cfr(.758,-.608,.149,-.444,-.682,.581,.169,.573,.802,-.88,.454,-.139);
			es = "Linear";
			ed = "In";
		};
		["BunkerHill"] = {
			cf = cfr(0,.009,-.019,1,0,0,0,.928,-.371,0,.371,.928);
			es = "Linear";
			ed = "In";
		};
		};
	{
		tm = .217;
		["Torso"] = {
			cf = cfr(0,0,0,.232,-.973,.007,.969,.231,-.086,.082,.027,.996);
			es = "Linear";
			ed = "In";
		};
		["Head"] = {
			cf = cfr(0,0,0,.368,.928,.056,-.929,.369,-.014,-.034,-.047,.998);
			es = "Linear";
			ed = "In";
		};
		["Right Arm"] = {
			cf = cfr(.552,-.573,.32,-.202,-.809,.552,-.021,.567,.823,-.979,.155,-.131);
			es = "Linear";
			ed = "In";
		};
		["BunkerHill"] = {
			cf = cfr(0,.009,-.041,1,0,0,0,.96,-.28,0,.28,.96);
			es = "Linear";
			ed = "In";
		};
		};
	{
		tm = .233;
		["Torso"] = {
			cf = cfr(0,0,0,.351,-.936,.032,.936,.35,-.042,.028,.044,.999);
			es = "Linear";
			ed = "In";
		};
		["Head"] = {
			cf = cfr(0,0,0,.459,.888,.036,-.887,.46,-.029,-.042,-.018,.999);
			es = "Linear";
			ed = "In";
		};
		["Right Arm"] = {
			cf = cfr(.286,-.528,.542,.149,-.846,.512,-.247,.47,.848,-.958,-.253,-.138);
			es = "Linear";
			ed = "In";
		};
		["BunkerHill"] = {
			cf = cfr(0,.009,-.07,1,0,0,0,.988,-.157,0,.157,.988);
			es = "Linear";
			ed = "In";
		};
		};
	{
		tm = .25;
		["Torso"] = {
			cf = cfr(0,0,0,.49,-.869,.071,.871,.492,.009,-.042,.057,.997);
			es = "Expo";
			ed = "Out";
		};
		["Head"] = {
			cf = cfr(0,0,0,.567,.824,.012,-.822,.567,-.049,-.047,.018,.999);
			es = "Expo";
			ed = "Out";
		};
		["Right Arm"] = {
			cf = cfr(-.047,-.471,.82,.56,-.684,.468,-.441,.232,.867,-.701,-.692,-.172);
			es = "Expo";
			ed = "Out";
		};
		["BunkerHill"] = {
			cf = cfr(0,.009,-.106,1,0,0,0,1,0,0,0,1);
			es = "Expo";
			ed = "Out";
		};
		};
	{
		tm = .267;
		["Torso"] = {
			cf = cfr(0,0,0,.902,-.424,.085,.42,.906,.059,-.103,-.018,.995);
			es = "Linear";
			ed = "In";
		};
		["Head"] = {
			cf = cfr(0,0,0,.937,.347,.025,-.344,.935,-.087,-.054,.073,.996);
			es = "Linear";
			ed = "In";
		};
		["Right Arm"] = {
			cf = cfr(-.281,-.318,.82,.88,-.358,.314,-.391,-.168,.905,-.271,-.919,-.287);
			es = "Linear";
			ed = "In";
		};
		["BunkerHill"] = {
			cf = cfr(0,.009,-.106,1,0,0,0,.975,-.224,0,.224,.975);
			es = "Linear";
			ed = "In";
		};
		};
	{
		tm = .283;
		["Torso"] = {
			cf = cfr(0,0,0,.993,-.049,.109,.04,.996,.083,-.113,-.078,.991);
			es = "Linear";
			ed = "In";
		};
		["Head"] = {
			cf = cfr(0,0,0,.999,-.031,.045,.035,.994,-.104,-.041,.105,.994);
			es = "Linear";
			ed = "In";
		};
		["Right Arm"] = {
			cf = cfr(-.429,-.223,.82,.967,-.072,.244,-.253,-.384,.888,.03,-.92,-.39);
			es = "Linear";
			ed = "In";
		};
		["BunkerHill"] = {
			cf = cfr(0,.009,-.106,1,0,0,0,.933,-.361,0,.361,.933);
			es = "Linear";
			ed = "In";
		};
		};
	{
		tm = .3;
		["Torso"] = {
			cf = cfr(0,0,0,.973,.193,.128,-.206,.974,.092,-.107,-.116,.987);
			es = "Linear";
			ed = "In";
		};
		["Head"] = {
			cf = cfr(0,0,0,.961,-.27,.059,.275,.955,-.11,-.027,.122,.992);
			es = "Linear";
			ed = "In";
		};
		["Right Arm"] = {
			cf = cfr(-.522,-.162,.82,.969,.119,.217,-.133,-.49,.862,.209,-.864,-.459);
			es = "Linear";
			ed = "In";
		};
		["BunkerHill"] = {
			cf = cfr(0,.009,-.106,1,0,0,0,.897,-.443,0,.443,.897);
			es = "Linear";
			ed = "In";
		};
		};
	{
		tm = .317;
		["Torso"] = {
			cf = cfr(0,0,0,.93,.34,.141,-.355,.93,.095,-.099,-.139,.985);
			es = "Linear";
			ed = "In";
		};
		["Head"] = {
			cf = cfr(0,0,0,.908,-.413,.069,.419,.901,-.112,-.016,.131,.991);
			es = "Linear";
			ed = "In";
		};
		["Right Arm"] = {
			cf = cfr(-.58,-.124,.82,.949,.239,.207,-.047,-.541,.839,.313,-.806,-.502);
			es = "Linear";
			ed = "In";
		};
		["BunkerHill"] = {
			cf = cfr(0,.009,-.106,1,0,0,0,.87,-.493,0,.493,.87);
			es = "Linear";
			ed = "In";
		};
		};
	{
		tm = .333;
		["Torso"] = {
			cf = cfr(0,0,0,.891,.429,.149,-.445,.89,.097,-.091,-.152,.984);
			es = "Linear";
			ed = "In";
		};
		["Head"] = {
			cf = cfr(0,0,0,.863,-.499,.076,.504,.856,-.113,-.009,.135,.991);
			es = "Linear";
			ed = "In";
		};
		["Right Arm"] = {
			cf = cfr(-.617,-.1,.82,.927,.313,.204,.01,-.567,.823,.374,-.762,-.529);
			es = "Linear";
			ed = "In";
		};
		["BunkerHill"] = {
			cf = cfr(0,.009,-.106,1,0,0,0,.852,-.523,0,.523,.852);
			es = "Linear";
			ed = "In";
		};
		};
	{
		tm = .35;
		["Torso"] = {
			cf = cfr(0,0,0,.862,.483,.154,-.499,.861,.097,-.086,-.161,.983);
			es = "Linear";
			ed = "In";
		};
		["Head"] = {
			cf = cfr(0,0,0,.831,-.55,.08,.556,.824,-.112,-.004,.138,.99);
			es = "Linear";
			ed = "In";
		};
		["Right Arm"] = {
			cf = cfr(-.64,-.085,.82,.911,.359,.204,.047,-.581,.813,.41,-.731,-.546);
			es = "Linear";
			ed = "In";
		};
		["BunkerHill"] = {
			cf = cfr(0,.009,-.106,1,0,0,0,.84,-.542,0,.542,.84);
			es = "Linear";
			ed = "In";
		};
		};
	{
		tm = .367;
		["Torso"] = {
			cf = cfr(0,0,0,.842,.516,.158,-.533,.841,.097,-.083,-.166,.983);
			es = "Linear";
			ed = "In";
		};
		["Head"] = {
			cf = cfr(0,0,0,.809,-.581,.082,.587,.802,-.112,-.001,.139,.99);
			es = "Linear";
			ed = "In";
		};
		["Right Arm"] = {
			cf = cfr(-.655,-.076,.82,.899,.387,.204,.071,-.588,.806,.432,-.71,-.556);
			es = "Linear";
			ed = "In";
		};
		["BunkerHill"] = {
			cf = cfr(0,.009,-.106,1,0,0,0,.832,-.554,0,.554,.832);
			es = "Linear";
			ed = "In";
		};
		};
	{
		tm = .383;
		["Torso"] = {
			cf = cfr(0,0,0,.829,.536,.16,-.553,.827,.097,-.08,-.169,.982);
			es = "Linear";
			ed = "In";
		};
		["Head"] = {
			cf = cfr(0,0,0,.795,-.601,.084,.607,.787,-.112,.001,.14,.99);
			es = "Linear";
			ed = "In";
		};
		["Right Arm"] = {
			cf = cfr(-.664,-.07,.819,.891,.405,.204,.086,-.592,.801,.445,-.697,-.563);
			es = "Linear";
			ed = "In";
		};
		["BunkerHill"] = {
			cf = cfr(0,.009,-.106,1,0,0,0,.827,-.562,0,.562,.827);
			es = "Linear";
			ed = "In";
		};
		};
	{
		tm = .4;
		["Torso"] = {
			cf = cfr(0,0,0,.82,.549,.161,-.566,.819,.097,-.079,-.17,.982);
			es = "Linear";
			ed = "In";
		};
		["Head"] = {
			cf = cfr(0,0,0,.786,-.613,.085,.619,.778,-.112,.003,.141,.99);
			es = "Linear";
			ed = "In";
		};
		["Right Arm"] = {
			cf = cfr(-.67,-.066,.819,.886,.416,.204,.095,-.595,.798,.453,-.688,-.567);
			es = "Linear";
			ed = "In";
		};
		["BunkerHill"] = {
			cf = cfr(0,.009,-.106,1,0,0,0,.824,-.566,0,.566,.824);
			es = "Linear";
			ed = "In";
		};
		};
	{
		tm = .417;
		["Torso"] = {
			cf = cfr(0,0,0,.815,.556,.162,-.574,.813,.096,-.078,-.172,.982);
			es = "Linear";
			ed = "In";
		};
		["Head"] = {
			cf = cfr(0,0,0,.78,-.62,.086,.626,.772,-.112,.003,.141,.99);
			es = "Linear";
			ed = "In";
		};
		["Right Arm"] = {
			cf = cfr(-.674,-.063,.819,.883,.423,.204,.101,-.596,.796,.459,-.683,-.569);
			es = "Linear";
			ed = "In";
		};
		["BunkerHill"] = {
			cf = cfr(0,.009,-.106,1,0,0,0,.822,-.569,0,.569,.822);
			es = "Linear";
			ed = "In";
		};
		};
	{
		tm = .433;
		["Torso"] = {
			cf = cfr(0,0,0,.811,.561,.163,-.579,.809,.096,-.077,-.172,.982);
			es = "Linear";
			ed = "In";
		};
		["Head"] = {
			cf = cfr(0,0,0,.776,-.625,.086,.631,.768,-.112,.004,.141,.99);
			es = "Linear";
			ed = "In";
		};
		["Right Arm"] = {
			cf = cfr(-.676,-.062,.819,.881,.427,.204,.105,-.597,.795,.462,-.679,-.571);
			es = "Linear";
			ed = "In";
		};
		["BunkerHill"] = {
			cf = cfr(0,.009,-.106,1,0,0,0,.821,-.571,0,.571,.821);
			es = "Linear";
			ed = "In";
		};
		};
	{
		tm = .45;
		["Torso"] = {
			cf = cfr(0,0,0,.809,.564,.163,-.582,.807,.096,-.077,-.173,.982);
			es = "Linear";
			ed = "In";
		};
		["Head"] = {
			cf = cfr(0,0,0,.774,-.628,.086,.634,.765,-.112,.004,.141,.99);
			es = "Linear";
			ed = "In";
		};
		["Right Arm"] = {
			cf = cfr(-.677,-.061,.819,.879,.43,.205,.107,-.598,.795,.464,-.677,-.572);
			es = "Linear";
			ed = "In";
		};
		["BunkerHill"] = {
			cf = cfr(0,.009,-.106,1,0,0,0,.82,-.572,0,.572,.82);
			es = "Linear";
			ed = "In";
		};
		};
	{
		tm = .467;
		["Torso"] = {
			cf = cfr(0,0,0,.808,.566,.163,-.584,.806,.096,-.077,-.173,.982);
			es = "Linear";
			ed = "In";
		};
		["Head"] = {
			cf = cfr(0,0,0,.772,-.63,.086,.636,.764,-.112,.005,.141,.99);
			es = "Linear";
			ed = "In";
		};
		["Right Arm"] = {
			cf = cfr(-.678,-.06,.819,.879,.432,.205,.109,-.598,.794,.465,-.675,-.572);
			es = "Linear";
			ed = "In";
		};
		["BunkerHill"] = {
			cf = cfr(0,.009,-.106,1,0,0,0,.82,-.573,0,.573,.82);
			es = "Linear";
			ed = "In";
		};
		};
	{
		tm = .483;
		["Torso"] = {
			cf = cfr(0,0,0,.807,.568,.163,-.586,.805,.096,-.077,-.173,.982);
			es = "Linear";
			ed = "In";
		};
		["Head"] = {
			cf = cfr(0,0,0,.771,-.631,.086,.637,.763,-.112,.005,.141,.99);
			es = "Linear";
			ed = "In";
		};
		["Right Arm"] = {
			cf = cfr(-.679,-.06,.819,.878,.433,.205,.11,-.598,.794,.466,-.675,-.573);
			es = "Linear";
			ed = "In";
		};
		["BunkerHill"] = {
			cf = cfr(0,.009,-.106,1,0,0,0,.819,-.573,0,.573,.819);
			es = "Linear";
			ed = "In";
		};
		};
	{
		tm = .5;
		["Torso"] = {
			cf = cfr(0,0,0,.806,.568,.163,-.586,.804,.096,-.077,-.173,.982);
			es = "Linear";
			ed = "In";
		};
		["Head"] = {
			cf = cfr(0,0,0,.77,-.632,.087,.637,.762,-.112,.005,.141,.99);
			es = "Linear";
			ed = "In";
		};
		["Right Arm"] = {
			cf = cfr(-.679,-.06,.819,.878,.433,.205,.11,-.598,.794,.466,-.674,-.573);
			es = "Linear";
			ed = "In";
		};
		["BunkerHill"] = {
			cf = cfr(0,.009,-.106,1,0,0,0,.819,-.574,0,.574,.819);
			es = "Linear";
			ed = "In";
		};
	};
	{
		tm = .667;
		["Torso"] = {
			cf = cfr(0,0,0,.806,.568,.163,-.586,.804,.096,-.077,-.173,.982);
			es = "Linear";
			ed = "In";
		};
		["Head"] = {
			cf = cfr(0,0,0,.77,-.632,.087,.637,.762,-.112,.005,.141,.99);
			es = "Linear";
			ed = "In";
		};
		["Right Arm"] = {
			cf = cfr(-.679,-.06,.819,.878,.433,.205,.11,-.598,.794,.466,-.674,-.573);
			es = "Linear";
			ed = "In";
		};
		["BunkerHill"] = {
			cf = cfr(0,.009,-.106,1,0,0,0,.819,-.574,0,.574,.819);
			es = "Linear";
			ed = "In";
		};
	};
}