-- // converted using mech's animoduler
local cfr = CFrame.new

return {
	{
		tm = 0;
		["Torso"] = {
			cf = cfr(0,0,0,.893,-.423,.157,.416,.906,.073,-.174,0,.985);
			es = "Back";
			ed = "In";
		};
		["Head"] = {
			cf = cfr(0,0,0,.906,.406,-.123,-.416,.906,-.079,.08,.123,.989);
			es = "Back";
			ed = "In";
		};
		["Right Arm"] = {
			cf = cfr(.931,-.681,-.996,-.841,-.514,.168,.306,-.197,.932,-.446,.835,.323);
			es = "Back";
			ed = "In";
		};
		["BunkerHill"] = {
			cf = cfr(0,-.009,-.1,1,0,0,0,.996,.087,0,-.087,.996);
			es = "Back";
			ed = "In";
		};
		};
	{
		tm = .017;
		["Torso"] = {
			cf = cfr(0,0,0,.888,-.431,.158,.424,.902,.077,-.176,-.002,.984);
			es = "Linear";
			ed = "In";
		};
		["Head"] = {
			cf = cfr(0,0,0,.902,.414,-.125,-.425,.902,-.081,.079,.126,.989);
			es = "Linear";
			ed = "In";
		};
		["Right Arm"] = {
			cf = cfr(.929,-.682,-1.008,-.845,-.507,.171,.307,-.198,.931,-.438,.839,.323);
			es = "Linear";
			ed = "In";
		};
		["BunkerHill"] = {
			cf = cfr(0,-.009,-.1,1,0,0,0,.996,.09,0,-.09,.996);
			es = "Linear";
			ed = "In";
		};
		};
	{
		tm = .033;
		["Torso"] = {
			cf = cfr(0,0,0,.877,-.454,.159,.445,.891,.087,-.181,-.006,.983);
			es = "Linear";
			ed = "In";
		};
		["Head"] = {
			cf = cfr(0,0,0,.891,.435,-.13,-.447,.89,-.085,.079,.134,.988);
			es = "Linear";
			ed = "In";
		};
		["Right Arm"] = {
			cf = cfr(.924,-.684,-1.04,-.855,-.488,.178,.309,-.202,.929,-.417,.849,.323);
			es = "Linear";
			ed = "In";
		};
		["BunkerHill"] = {
			cf = cfr(0,-.009,-.1,1,0,0,0,.995,.099,0,-.099,.995);
			es = "Linear";
			ed = "In";
		};
		};
	{
		tm = .05;
		["Torso"] = {
			cf = cfr(0,0,0,.86,-.485,.161,.474,.875,.101,-.19,-.011,.982);
			es = "Linear";
			ed = "In";
		};
		["Head"] = {
			cf = cfr(0,0,0,.875,.464,-.137,-.478,.874,-.091,.078,.145,.986);
			es = "Linear";
			ed = "In";
		};
		["Right Arm"] = {
			cf = cfr(.917,-.687,-1.085,-.867,-.461,.189,.312,-.207,.927,-.389,.863,.323);
			es = "Linear";
			ed = "In";
		};
		["BunkerHill"] = {
			cf = cfr(0,-.009,-.1,1,0,0,0,.994,.11,0,-.11,.994);
			es = "Linear";
			ed = "In";
		};
		};
	{
		tm = .067;
		["Torso"] = {
			cf = cfr(0,0,0,.84,-.519,.161,.505,.855,.117,-.199,-.017,.98);
			es = "Linear";
			ed = "In";
		};
		["Head"] = {
			cf = cfr(0,0,0,.856,.496,-.146,-.511,.854,-.098,.076,.158,.985);
			es = "Linear";
			ed = "In";
		};
		["Right Arm"] = {
			cf = cfr(.909,-.691,-1.134,-.88,-.431,.201,.316,-.212,.925,-.356,.877,.323);
			es = "Linear";
			ed = "In";
		};
		["BunkerHill"] = {
			cf = cfr(0,-.009,-.1,1,0,0,0,.992,.123,0,-.123,.992);
			es = "Linear";
			ed = "In";
		};
		};
	{
		tm = .083;
		["Torso"] = {
			cf = cfr(0,0,0,.819,-.551,.162,.535,.835,.132,-.208,-.022,.978);
			es = "Linear";
			ed = "In";
		};
		["Head"] = {
			cf = cfr(0,0,0,.837,.525,-.154,-.542,.834,-.104,.074,.17,.983);
			es = "Linear";
			ed = "In";
		};
		["Right Arm"] = {
			cf = cfr(.902,-.694,-1.182,-.891,-.401,.213,.319,-.218,.922,-.323,.89,.322);
			es = "Linear";
			ed = "In";
		};
		["BunkerHill"] = {
			cf = cfr(0,-.009,-.1,1,0,0,0,.991,.135,0,-.135,.991);
			es = "Linear";
			ed = "In";
		};
		};
	{
		tm = .1;
		["Torso"] = {
			cf = cfr(0,0,0,.801,-.576,.162,.558,.817,.145,-.215,-.026,.976);
			es = "Linear";
			ed = "In";
		};
		["Head"] = {
			cf = cfr(0,0,0,.82,.549,-.161,-.568,.816,-.108,.072,.18,.981);
			es = "Linear";
			ed = "In";
		};
		["Right Arm"] = {
			cf = cfr(.896,-.697,-1.221,-.899,-.377,.223,.321,-.223,.921,-.297,.899,.321);
			es = "Linear";
			ed = "In";
		};
		["BunkerHill"] = {
			cf = cfr(0,-.009,-.1,1,0,0,0,.989,.145,0,-.145,.989);
			es = "Linear";
			ed = "In";
		};
		};
	{
		tm = .117;
		["Torso"] = {
			cf = cfr(0,0,0,.791,-.591,.161,.572,.806,.152,-.22,-.028,.975);
			es = "Linear";
			ed = "In";
		};
		["Head"] = {
			cf = cfr(0,0,0,.81,.563,-.165,-.582,.806,-.111,.07,.186,.98);
			es = "Linear";
			ed = "In";
		};
		["Right Arm"] = {
			cf = cfr(.892,-.699,-1.244,-.904,-.362,.228,.322,-.225,.919,-.281,.904,.32);
			es = "Linear";
			ed = "In";
		};
		["BunkerHill"] = {
			cf = cfr(0,-.009,-.1,1,0,0,0,.988,.151,0,-.151,.988);
			es = "Linear";
			ed = "In";
		};
		};
	{
		tm = .133;
		["Torso"] = {
			cf = cfr(0,0,0,.791,-.591,.161,.571,.807,.152,-.22,-.028,.975);
			es = "Linear";
			ed = "In";
		};
		["Head"] = {
			cf = cfr(0,0,0,.81,.562,-.165,-.582,.806,-.111,.07,.186,.98);
			es = "Linear";
			ed = "In";
		};
		["Right Arm"] = {
			cf = cfr(.893,-.699,-1.244,-.904,-.362,.228,.322,-.225,.919,-.282,.904,.32);
			es = "Linear";
			ed = "In";
		};
		["BunkerHill"] = {
			cf = cfr(0,-.009,-.1,1,0,0,0,.988,.151,0,-.151,.988);
			es = "Linear";
			ed = "In";
		};
		};
	{
		tm = .15;
		["Torso"] = {
			cf = cfr(0,0,0,.805,-.571,.162,.553,.821,.142,-.214,-.025,.977);
			es = "Linear";
			ed = "In";
		};
		["Head"] = {
			cf = cfr(0,0,0,.824,.544,-.159,-.562,.82,-.107,.072,.178,.981);
			es = "Linear";
			ed = "In";
		};
		["Right Arm"] = {
			cf = cfr(.897,-.696,-1.213,-.898,-.382,.221,.321,-.222,.921,-.303,.897,.321);
			es = "Linear";
			ed = "In";
		};
		["BunkerHill"] = {
			cf = cfr(0,-.009,-.1,1,0,0,0,.99,.143,0,-.143,.99);
			es = "Linear";
			ed = "In";
		};
		};
	{
		tm = .167;
		["Torso"] = {
			cf = cfr(0,0,0,.835,-.526,.162,.512,.85,.12,-.201,-.018,.979);
			es = "Linear";
			ed = "In";
		};
		["Head"] = {
			cf = cfr(0,0,0,.852,.502,-.147,-.518,.85,-.099,.076,.161,.984);
			es = "Linear";
			ed = "In";
		};
		["Right Arm"] = {
			cf = cfr(.908,-.692,-1.145,-.882,-.424,.204,.316,-.214,.924,-.348,.88,.323);
			es = "Linear";
			ed = "In";
		};
		["BunkerHill"] = {
			cf = cfr(0,-.009,-.1,1,0,0,0,.992,.126,0,-.126,.992);
			es = "Linear";
			ed = "In";
		};
		};
	{
		tm = .183;
		["Torso"] = {
			cf = cfr(0,0,0,.88,-.448,.159,.44,.894,.085,-.18,-.005,.984);
			es = "Linear";
			ed = "In";
		};
		["Head"] = {
			cf = cfr(0,0,0,.894,.43,-.129,-.442,.893,-.084,.079,.132,.988);
			es = "Linear";
			ed = "In";
		};
		["Right Arm"] = {
			cf = cfr(.925,-.684,-1.032,-.852,-.493,.176,.309,-.201,.93,-.423,.847,.323);
			es = "Linear";
			ed = "In";
		};
		["BunkerHill"] = {
			cf = cfr(0,-.009,-.1,1,0,0,0,.995,.097,0,-.097,.995);
			es = "Linear";
			ed = "In";
		};
		};
	{
		tm = .2;
		["Torso"] = {
			cf = cfr(0,0,0,.932,-.329,.149,.328,.944,.033,-.152,.018,.988);
			es = "Linear";
			ed = "In";
		};
		["Head"] = {
			cf = cfr(0,0,0,.943,.317,-.104,-.324,.944,-.059,.08,.09,.993);
			es = "Linear";
			ed = "In";
		};
		["Right Arm"] = {
			cf = cfr(.95,-.672,-.868,-.798,-.587,.136,.295,-.183,.938,-.526,.788,.32);
			es = "Linear";
			ed = "In";
		};
		["BunkerHill"] = {
			cf = cfr(0,-.009,-.1,1,0,0,0,.999,.054,0,-.054,.999);
			es = "Linear";
			ed = "In";
		};
		};
	{
		tm = .217;
		["Torso"] = {
			cf = cfr(0,0,0,.979,-.16,.126,.165,.986,-.034,-.118,.054,.991);
			es = "Linear";
			ed = "In";
		};
		["Head"] = {
			cf = cfr(0,0,0,.985,.155,-.076,-.157,.987,-.021,.072,.032,.997);
			es = "Linear";
			ed = "In";
		};
		["Right Arm"] = {
			cf = cfr(.985,-.656,-.644,-.706,-.704,.083,.273,-.163,.948,-.654,.692,.307);
			es = "Linear";
			ed = "In";
		};
		["BunkerHill"] = {
			cf = cfr(0,-.009,-.1,1,0,0,0,1,-.004,0,.004,1);
			es = "Linear";
			ed = "In";
		};
		};
	{
		tm = .233;
		["Torso"] = {
			cf = cfr(0,0,0,.995,.064,.078,-.055,.992,-.113,-.085,.108,.99);
			es = "Linear";
			ed = "In";
		};
		["Head"] = {
			cf = cfr(0,0,0,.997,-.063,-.049,.065,.997,.035,.047,-.039,.998);
			es = "Linear";
			ed = "In";
		};
		["Right Arm"] = {
			cf = cfr(1.029,-.635,-.354,-.558,-.83,.018,.241,-.141,.96,-.794,.54,.279);
			es = "Linear";
			ed = "In";
		};
		["BunkerHill"] = {
			cf = cfr(0,-.009,-.1,1,0,0,0,.997,-.08,0,.08,.997);
			es = "Linear";
			ed = "In";
		};
		};
	{
		tm = .25;
		["Torso"] = {
			cf = cfr(0,0,0,.942,.334,-.004,-.329,.924,-.194,-.061,.184,.981);
			es = "Quart";
			ed = "Out";
		};
		["Head"] = {
			cf = cfr(0,0,0,.942,-.333,-.035,.334,.936,.111,-.005,-.117,.993);
			es = "Quart";
			ed = "Out";
		};
		["Right Arm"] = {
			cf = cfr(1.085,-.609,.009,-.338,-.939,-.054,.194,-.125,.973,-.921,.319,.224);
			es = "Quart";
			ed = "Out";
		};
		["BunkerHill"] = {
			cf = cfr(0,-.009,-.1,1,0,0,0,.985,-.174,0,.174,.985);
			es = "Quart";
			ed = "Out";
		};
		};
	{
		tm = .267;
		["Torso"] = {
			cf = cfr(0,0,0,.883,.465,-.063,-.469,.869,-.154,-.017,.165,.986);
			es = "Linear";
			ed = "In";
		};
		["Head"] = {
			cf = cfr(0,0,0,.883,-.469,-.017,.469,.879,.089,-.027,-.087,.996);
			es = "Linear";
			ed = "In";
		};
		["Right Arm"] = {
			cf = cfr(.795,-.589,.106,.152,-.985,-.075,.218,-.041,.975,-.964,-.165,.209);
			es = "Linear";
			ed = "In";
		};
		["BunkerHill"] = {
			cf = cfr(0,0,-.122,1,0,0,0,.977,-.215,0,.215,.977);
			es = "Linear";
			ed = "In";
		};
		};
	{
		tm = .283;
		["Torso"] = {
			cf = cfr(0,0,0,.819,.565,-.106,-.574,.811,-.115,.021,.155,.988);
			es = "Linear";
			ed = "In";
		};
		["Head"] = {
			cf = cfr(0,0,0,.82,-.572,0,.57,.818,.073,-.042,-.06,.997);
			es = "Linear";
			ed = "In";
		};
		["Right Arm"] = {
			cf = cfr(.561,-.572,.185,.526,-.846,-.086,.206,.029,.978,-.825,-.532,.19);
			es = "Linear";
			ed = "In";
		};
		["BunkerHill"] = {
			cf = cfr(0,.006,-.141,1,0,0,0,.969,-.248,0,.248,.969);
			es = "Linear";
			ed = "In";
		};
		};
	{
		tm = .3;
		["Torso"] = {
			cf = cfr(0,0,0,.758,.638,-.136,-.65,.755,-.081,.051,.15,.987);
			es = "Linear";
			ed = "In";
		};
		["Head"] = {
			cf = cfr(0,0,0,.762,-.647,.014,.645,.761,.062,-.051,-.038,.998);
			es = "Linear";
			ed = "In";
		};
		["Right Arm"] = {
			cf = cfr(.376,-.559,.248,.766,-.637,-.088,.178,.078,.981,-.618,-.767,.173);
			es = "Linear";
			ed = "In";
		};
		["BunkerHill"] = {
			cf = cfr(0,.011,-.155,1,0,0,0,.962,-.274,0,.274,.962);
			es = "Linear";
			ed = "In";
		};
		};
	{
		tm = .317;
		["Torso"] = {
			cf = cfr(0,0,0,.705,.691,-.157,-.705,.708,-.053,.075,.148,.986);
			es = "Linear";
			ed = "In";
		};
		["Head"] = {
			cf = cfr(0,0,0,.712,-.702,.027,.7,.712,.055,-.057,-.02,.998);
			es = "Linear";
			ed = "In";
		};
		["Right Arm"] = {
			cf = cfr(.231,-.549,.296,.9,-.428,-.086,.146,.108,.983,-.412,-.897,.16);
			es = "Linear";
			ed = "In";
		};
		["BunkerHill"] = {
			cf = cfr(0,.016,-.166,1,0,0,0,.956,-.294,0,.294,.956);
			es = "Linear";
			ed = "In";
		};
		};
	{
		tm = .333;
		["Torso"] = {
			cf = cfr(0,0,0,.663,.729,-.172,-.743,.668,-.03,.093,.147,.985);
			es = "Linear";
			ed = "In";
		};
		["Head"] = {
			cf = cfr(0,0,0,.671,-.74,.036,.739,.672,.049,-.061,-.006,.998);
			es = "Linear";
			ed = "In";
		};
		["Right Arm"] = {
			cf = cfr(.121,-.541,.333,.965,-.25,-.083,.117,.125,.985,-.236,-.96,.15);
			es = "Linear";
			ed = "In";
		};
		["BunkerHill"] = {
			cf = cfr(0,.019,-.175,1,0,0,0,.951,-.309,0,.309,.951);
			es = "Linear";
			ed = "In";
		};
		};
	{
		tm = .35;
		["Torso"] = {
			cf = cfr(0,0,0,.629,.756,-.182,-.77,.638,-.012,.107,.148,.983);
			es = "Linear";
			ed = "In";
		};
		["Head"] = {
			cf = cfr(0,0,0,.64,-.767,.043,.766,.641,.046,-.063,.004,.998);
			es = "Linear";
			ed = "In";
		};
		["Right Arm"] = {
			cf = cfr(.039,-.536,.361,.991,-.113,-.079,.094,.134,.987,-.101,-.985,.144);
			es = "Linear";
			ed = "In";
		};
		["BunkerHill"] = {
			cf = cfr(0,.021,-.181,1,0,0,0,.947,-.321,0,.321,.947);
			es = "Linear";
			ed = "In";
		};
		};
	{
		tm = .367;
		["Torso"] = {
			cf = cfr(0,0,0,.605,.774,-.189,-.788,.616,0,.116,.148,.982);
			es = "Linear";
			ed = "In";
		};
		["Head"] = {
			cf = cfr(0,0,0,.616,-.786,.049,.785,.618,.043,-.064,.011,.998);
			es = "Linear";
			ed = "In";
		};
		["Right Arm"] = {
			cf = cfr(-.019,-.531,.381,.997,-.012,-.075,.076,.139,.987,-.002,-.99,.139);
			es = "Linear";
			ed = "In";
		};
		["BunkerHill"] = {
			cf = cfr(0,.023,-.186,1,0,0,0,.944,-.329,0,.329,.944);
			es = "Linear";
			ed = "In";
		};
		};
	{
		tm = .383;
		["Torso"] = {
			cf = cfr(0,0,0,.587,.786,-.193,-.8,.6,.009,.123,.149,.981);
			es = "Linear";
			ed = "In";
		};
		["Head"] = {
			cf = cfr(0,0,0,.6,-.798,.052,.798,.602,.042,-.065,.017,.998);
			es = "Linear";
			ed = "In";
		};
		["Right Arm"] = {
			cf = cfr(-.059,-.529,.394,.996,.057,-.073,.064,.141,.988,.066,-.988,.137);
			es = "Linear";
			ed = "In";
		};
		["BunkerHill"] = {
			cf = cfr(0,.024,-.189,1,0,0,0,.942,-.334,0,.334,.942);
			es = "Linear";
			ed = "In";
		};
		};
	{
		tm = .4;
		["Torso"] = {
			cf = cfr(0,0,0,.576,.794,-.196,-.808,.589,.015,.127,.149,.981);
			es = "Linear";
			ed = "In";
		};
		["Head"] = {
			cf = cfr(0,0,0,.589,-.806,.055,.806,.591,.041,-.065,.02,.998);
			es = "Linear";
			ed = "In";
		};
		["Right Arm"] = {
			cf = cfr(-.086,-.527,.403,.992,.102,-.071,.056,.142,.988,.111,-.985,.135);
			es = "Linear";
			ed = "In";
		};
		["BunkerHill"] = {
			cf = cfr(0,.025,-.191,1,0,0,0,.941,-.338,0,.338,.941);
			es = "Linear";
			ed = "In";
		};
		};
	{
		tm = .417;
		["Torso"] = {
			cf = cfr(0,0,0,.569,.799,-.197,-.812,.583,.018,.13,.15,.98);
			es = "Linear";
			ed = "In";
		};
		["Head"] = {
			cf = cfr(0,0,0,.582,-.811,.056,.81,.585,.04,-.065,.022,.998);
			es = "Linear";
			ed = "In";
		};
		["Right Arm"] = {
			cf = cfr(-.101,-.526,.408,.989,.129,-.07,.051,.142,.989,.137,-.981,.134);
			es = "Linear";
			ed = "In";
		};
		["BunkerHill"] = {
			cf = cfr(0,.025,-.192,1,0,0,0,.94,-.34,0,.34,.94);
			es = "Linear";
			ed = "In";
		};
		};
	{
		tm = .433;
		["Torso"] = {
			cf = cfr(0,0,0,.565,.801,-.198,-.815,.58,.02,.131,.15,.98);
			es = "Linear";
			ed = "In";
		};
		["Head"] = {
			cf = cfr(0,0,0,.579,-.814,.057,.813,.581,.04,-.066,.023,.998);
			es = "Linear";
			ed = "In";
		};
		["Right Arm"] = {
			cf = cfr(-.11,-.525,.411,.987,.144,-.069,.049,.142,.989,.152,-.979,.133);
			es = "Linear";
			ed = "In";
		};
		["BunkerHill"] = {
			cf = cfr(0,.025,-.193,1,0,0,0,.94,-.341,0,.341,.94);
			es = "Linear";
			ed = "In";
		};
		};
	{
		tm = .45;
		["Torso"] = {
			cf = cfr(0,0,0,.563,.802,-.199,-.816,.578,.021,.132,.15,.98);
			es = "Linear";
			ed = "In";
		};
		["Head"] = {
			cf = cfr(0,0,0,.577,-.815,.057,.814,.579,.04,-.066,.024,.998);
			es = "Linear";
			ed = "In";
		};
		["Right Arm"] = {
			cf = cfr(-.114,-.525,.413,.986,.151,-.069,.048,.142,.989,.159,-.978,.133);
			es = "Linear";
			ed = "In";
		};
		["BunkerHill"] = {
			cf = cfr(0,.025,-.193,1,0,0,0,.94,-.342,0,.342,.94);
			es = "Linear";
			ed = "In";
		};
		};
	{
		tm = .467;
		["Torso"] = {
			cf = cfr(0,0,0,.562,.803,-.199,-.816,.577,.022,.132,.15,.98);
			es = "Linear";
			ed = "In";
		};
		["Head"] = {
			cf = cfr(0,0,0,.576,-.815,.057,.815,.579,.04,-.066,.024,.998);
			es = "Linear";
			ed = "In";
		};
		["Right Arm"] = {
			cf = cfr(-.116,-.525,.413,.986,.153,-.069,.047,.142,.989,.162,-.978,.133);
			es = "Linear";
			ed = "In";
		};
		["BunkerHill"] = {
			cf = cfr(0,.025,-.194,1,0,0,0,.94,-.342,0,.342,.94);
			es = "Linear";
			ed = "In";
		};
		};
	{
		tm = .483;
		["Torso"] = {
			cf = cfr(0,0,0,.562,.803,-.199,-.816,.577,.022,.132,.15,.98);
			es = "Linear";
			ed = "In";
		};
		["Head"] = {
			cf = cfr(0,0,0,.576,-.815,.057,.815,.579,.04,-.066,.024,.998);
			es = "Linear";
			ed = "In";
		};
		["Right Arm"] = {
			cf = cfr(-.116,-.525,.413,.986,.154,-.069,.047,.142,.989,.162,-.978,.133);
			es = "Linear";
			ed = "In";
		};
		["BunkerHill"] = {
			cf = cfr(0,.025,-.194,1,0,0,0,.94,-.342,0,.342,.94);
			es = "Linear";
			ed = "In";
		};
		};
	{
		tm = .5;
		["Torso"] = {
			cf = cfr(0,0,0,.562,.803,-.199,-.816,.577,.022,.132,.15,.98);
			es = "Linear";
			ed = "In";
		};
		["Head"] = {
			cf = cfr(0,0,0,.576,-.815,.057,.815,.579,.04,-.066,.024,.998);
			es = "Linear";
			ed = "In";
		};
		["Right Arm"] = {
			cf = cfr(-.116,-.525,.413,.986,.154,-.069,.047,.142,.989,.162,-.978,.133);
			es = "Linear";
			ed = "In";
		};
		["BunkerHill"] = {
			cf = cfr(0,.025,-.194,1,0,0,0,.94,-.342,0,.342,.94);
			es = "Linear";
			ed = "In";
		};
	};
	{
		tm = .667;
		["Torso"] = {
			cf = cfr(0,0,0,.562,.803,-.199,-.816,.577,.022,.132,.15,.98);
			es = "Linear";
			ed = "In";
		};
		["Head"] = {
			cf = cfr(0,0,0,.576,-.815,.057,.815,.579,.04,-.066,.024,.998);
			es = "Linear";
			ed = "In";
		};
		["Right Arm"] = {
			cf = cfr(-.116,-.525,.413,.986,.154,-.069,.047,.142,.989,.162,-.978,.133);
			es = "Linear";
			ed = "In";
		};
		["BunkerHill"] = {
			cf = cfr(0,.025,-.194,1,0,0,0,.94,-.342,0,.342,.94);
			es = "Linear";
			ed = "In";
		};
	};
}