-- // converted using mech's animoduler
local cfr = CFrame.new
local anims = {} 

anims.combo1 = {{tm=0;["Torso"]={cf=cfr(0,0,0,.893,-.423,.157,.416,.906,.073,-.174,0,.985);es="Back";ed="In";};["Head"]={cf=cfr(0,0,0,.906,.406,-.123,-.416,.906,-.079,.08,.123,.989);es="Back";ed="In";};["Right Arm"]={cf=cfr(.931,-.681,-.996,-.841,-.514,.168,.306,-.197,.932,-.446,.835,.323);es="Back";ed="In";};["BunkerHill"]={cf=cfr(0,-.009,-.1,1,0,0,0,.996,.087,0,-.087,.996);es="Back";ed="In";};};{tm=.017;["Torso"]={cf=cfr(0,0,0,.888,-.431,.158,.424,.902,.077,-.176,-.002,.984);es="Linear";ed="In";};["Head"]={cf=cfr(0,0,0,.902,.414,-.125,-.425,.902,-.081,.079,.126,.989);es="Linear";ed="In";};["Right Arm"]={cf=cfr(.929,-.682,-1.008,-.845,-.507,.171,.307,-.198,.931,-.438,.839,.323);es="Linear";ed="In";};["BunkerHill"]={cf=cfr(0,-.009,-.1,1,0,0,0,.996,.09,0,-.09,.996);es="Linear";ed="In";};};{tm=.033;["Torso"]={cf=cfr(0,0,0,.877,-.454,.159,.445,.891,.087,-.181,-.006,.983);es="Linear";ed="In";};["Head"]={cf=cfr(0,0,0,.891,.435,-.13,-.447,.89,-.085,.079,.134,.988);es="Linear";ed="In";};["Right Arm"]={cf=cfr(.924,-.684,-1.04,-.855,-.488,.178,.309,-.202,.929,-.417,.849,.323);es="Linear";ed="In";};["BunkerHill"]={cf=cfr(0,-.009,-.1,1,0,0,0,.995,.099,0,-.099,.995);es="Linear";ed="In";};};{tm=.05;["Torso"]={cf=cfr(0,0,0,.86,-.485,.161,.474,.875,.101,-.19,-.011,.982);es="Linear";ed="In";};["Head"]={cf=cfr(0,0,0,.875,.464,-.137,-.478,.874,-.091,.078,.145,.986);es="Linear";ed="In";};["Right Arm"]={cf=cfr(.917,-.687,-1.085,-.867,-.461,.189,.312,-.207,.927,-.389,.863,.323);es="Linear";ed="In";};["BunkerHill"]={cf=cfr(0,-.009,-.1,1,0,0,0,.994,.11,0,-.11,.994);es="Linear";ed="In";};};{tm=.067;["Torso"]={cf=cfr(0,0,0,.84,-.519,.161,.505,.855,.117,-.199,-.017,.98);es="Linear";ed="In";};["Head"]={cf=cfr(0,0,0,.856,.496,-.146,-.511,.854,-.098,.076,.158,.985);es="Linear";ed="In";};["Right Arm"]={cf=cfr(.909,-.691,-1.134,-.88,-.431,.201,.316,-.212,.925,-.356,.877,.323);es="Linear";ed="In";};["BunkerHill"]={cf=cfr(0,-.009,-.1,1,0,0,0,.992,.123,0,-.123,.992);es="Linear";ed="In";};};{tm=.083;["Torso"]={cf=cfr(0,0,0,.819,-.551,.162,.535,.835,.132,-.208,-.022,.978);es="Linear";ed="In";};["Head"]={cf=cfr(0,0,0,.837,.525,-.154,-.542,.834,-.104,.074,.17,.983);es="Linear";ed="In";};["Right Arm"]={cf=cfr(.902,-.694,-1.182,-.891,-.401,.213,.319,-.218,.922,-.323,.89,.322);es="Linear";ed="In";};["BunkerHill"]={cf=cfr(0,-.009,-.1,1,0,0,0,.991,.135,0,-.135,.991);es="Linear";ed="In";};};{tm=.1;["Torso"]={cf=cfr(0,0,0,.801,-.576,.162,.558,.817,.145,-.215,-.026,.976);es="Linear";ed="In";};["Head"]={cf=cfr(0,0,0,.82,.549,-.161,-.568,.816,-.108,.072,.18,.981);es="Linear";ed="In";};["Right Arm"]={cf=cfr(.896,-.697,-1.221,-.899,-.377,.223,.321,-.223,.921,-.297,.899,.321);es="Linear";ed="In";};["BunkerHill"]={cf=cfr(0,-.009,-.1,1,0,0,0,.989,.145,0,-.145,.989);es="Linear";ed="In";};};{tm=.117;["Torso"]={cf=cfr(0,0,0,.791,-.591,.161,.572,.806,.152,-.22,-.028,.975);es="Linear";ed="In";};["Head"]={cf=cfr(0,0,0,.81,.563,-.165,-.582,.806,-.111,.07,.186,.98);es="Linear";ed="In";};["Right Arm"]={cf=cfr(.892,-.699,-1.244,-.904,-.362,.228,.322,-.225,.919,-.281,.904,.32);es="Linear";ed="In";};["BunkerHill"]={cf=cfr(0,-.009,-.1,1,0,0,0,.988,.151,0,-.151,.988);es="Linear";ed="In";};};{tm=.133;["Torso"]={cf=cfr(0,0,0,.791,-.591,.161,.571,.807,.152,-.22,-.028,.975);es="Linear";ed="In";};["Head"]={cf=cfr(0,0,0,.81,.562,-.165,-.582,.806,-.111,.07,.186,.98);es="Linear";ed="In";};["Right Arm"]={cf=cfr(.893,-.699,-1.244,-.904,-.362,.228,.322,-.225,.919,-.282,.904,.32);es="Linear";ed="In";};["BunkerHill"]={cf=cfr(0,-.009,-.1,1,0,0,0,.988,.151,0,-.151,.988);es="Linear";ed="In";};};{tm=.15;["Torso"]={cf=cfr(0,0,0,.805,-.571,.162,.553,.821,.142,-.214,-.025,.977);es="Linear";ed="In";};["Head"]={cf=cfr(0,0,0,.824,.544,-.159,-.562,.82,-.107,.072,.178,.981);es="Linear";ed="In";};["Right Arm"]={cf=cfr(.897,-.696,-1.213,-.898,-.382,.221,.321,-.222,.921,-.303,.897,.321);es="Linear";ed="In";};["BunkerHill"]={cf=cfr(0,-.009,-.1,1,0,0,0,.99,.143,0,-.143,.99);es="Linear";ed="In";};};{tm=.167;["Torso"]={cf=cfr(0,0,0,.835,-.526,.162,.512,.85,.12,-.201,-.018,.979);es="Linear";ed="In";};["Head"]={cf=cfr(0,0,0,.852,.502,-.147,-.518,.85,-.099,.076,.161,.984);es="Linear";ed="In";};["Right Arm"]={cf=cfr(.908,-.692,-1.145,-.882,-.424,.204,.316,-.214,.924,-.348,.88,.323);es="Linear";ed="In";};["BunkerHill"]={cf=cfr(0,-.009,-.1,1,0,0,0,.992,.126,0,-.126,.992);es="Linear";ed="In";};};{tm=.183;["Torso"]={cf=cfr(0,0,0,.88,-.448,.159,.44,.894,.085,-.18,-.005,.984);es="Linear";ed="In";};["Head"]={cf=cfr(0,0,0,.894,.43,-.129,-.442,.893,-.084,.079,.132,.988);es="Linear";ed="In";};["Right Arm"]={cf=cfr(.925,-.684,-1.032,-.852,-.493,.176,.309,-.201,.93,-.423,.847,.323);es="Linear";ed="In";};["BunkerHill"]={cf=cfr(0,-.009,-.1,1,0,0,0,.995,.097,0,-.097,.995);es="Linear";ed="In";};};{tm=.2;["Torso"]={cf=cfr(0,0,0,.932,-.329,.149,.328,.944,.033,-.152,.018,.988);es="Linear";ed="In";};["Head"]={cf=cfr(0,0,0,.943,.317,-.104,-.324,.944,-.059,.08,.09,.993);es="Linear";ed="In";};["Right Arm"]={cf=cfr(.95,-.672,-.868,-.798,-.587,.136,.295,-.183,.938,-.526,.788,.32);es="Linear";ed="In";};["BunkerHill"]={cf=cfr(0,-.009,-.1,1,0,0,0,.999,.054,0,-.054,.999);es="Linear";ed="In";};};{tm=.217;["Torso"]={cf=cfr(0,0,0,.979,-.16,.126,.165,.986,-.034,-.118,.054,.991);es="Linear";ed="In";};["Head"]={cf=cfr(0,0,0,.985,.155,-.076,-.157,.987,-.021,.072,.032,.997);es="Linear";ed="In";};["Right Arm"]={cf=cfr(.985,-.656,-.644,-.706,-.704,.083,.273,-.163,.948,-.654,.692,.307);es="Linear";ed="In";};["BunkerHill"]={cf=cfr(0,-.009,-.1,1,0,0,0,1,-.004,0,.004,1);es="Linear";ed="In";};};{tm=.233;["Torso"]={cf=cfr(0,0,0,.995,.064,.078,-.055,.992,-.113,-.085,.108,.99);es="Linear";ed="In";};["Head"]={cf=cfr(0,0,0,.997,-.063,-.049,.065,.997,.035,.047,-.039,.998);es="Linear";ed="In";};["Right Arm"]={cf=cfr(1.029,-.635,-.354,-.558,-.83,.018,.241,-.141,.96,-.794,.54,.279);es="Linear";ed="In";};["BunkerHill"]={cf=cfr(0,-.009,-.1,1,0,0,0,.997,-.08,0,.08,.997);es="Linear";ed="In";};};{tm=.25;["Torso"]={cf=cfr(0,0,0,.942,.334,-.004,-.329,.924,-.194,-.061,.184,.981);es="Quart";ed="Out";};["Head"]={cf=cfr(0,0,0,.942,-.333,-.035,.334,.936,.111,-.005,-.117,.993);es="Quart";ed="Out";};["Right Arm"]={cf=cfr(1.085,-.609,.009,-.338,-.939,-.054,.194,-.125,.973,-.921,.319,.224);es="Quart";ed="Out";};["BunkerHill"]={cf=cfr(0,-.009,-.1,1,0,0,0,.985,-.174,0,.174,.985);es="Quart";ed="Out";};};{tm=.267;["Torso"]={cf=cfr(0,0,0,.883,.465,-.063,-.469,.869,-.154,-.017,.165,.986);es="Linear";ed="In";};["Head"]={cf=cfr(0,0,0,.883,-.469,-.017,.469,.879,.089,-.027,-.087,.996);es="Linear";ed="In";};["Right Arm"]={cf=cfr(.795,-.589,.106,.152,-.985,-.075,.218,-.041,.975,-.964,-.165,.209);es="Linear";ed="In";};["BunkerHill"]={cf=cfr(0,0,-.122,1,0,0,0,.977,-.215,0,.215,.977);es="Linear";ed="In";};};{tm=.283;["Torso"]={cf=cfr(0,0,0,.819,.565,-.106,-.574,.811,-.115,.021,.155,.988);es="Linear";ed="In";};["Head"]={cf=cfr(0,0,0,.82,-.572,0,.57,.818,.073,-.042,-.06,.997);es="Linear";ed="In";};["Right Arm"]={cf=cfr(.561,-.572,.185,.526,-.846,-.086,.206,.029,.978,-.825,-.532,.19);es="Linear";ed="In";};["BunkerHill"]={cf=cfr(0,.006,-.141,1,0,0,0,.969,-.248,0,.248,.969);es="Linear";ed="In";};};{tm=.3;["Torso"]={cf=cfr(0,0,0,.758,.638,-.136,-.65,.755,-.081,.051,.15,.987);es="Linear";ed="In";};["Head"]={cf=cfr(0,0,0,.762,-.647,.014,.645,.761,.062,-.051,-.038,.998);es="Linear";ed="In";};["Right Arm"]={cf=cfr(.376,-.559,.248,.766,-.637,-.088,.178,.078,.981,-.618,-.767,.173);es="Linear";ed="In";};["BunkerHill"]={cf=cfr(0,.011,-.155,1,0,0,0,.962,-.274,0,.274,.962);es="Linear";ed="In";};};{tm=.317;["Torso"]={cf=cfr(0,0,0,.705,.691,-.157,-.705,.708,-.053,.075,.148,.986);es="Linear";ed="In";};["Head"]={cf=cfr(0,0,0,.712,-.702,.027,.7,.712,.055,-.057,-.02,.998);es="Linear";ed="In";};["Right Arm"]={cf=cfr(.231,-.549,.296,.9,-.428,-.086,.146,.108,.983,-.412,-.897,.16);es="Linear";ed="In";};["BunkerHill"]={cf=cfr(0,.016,-.166,1,0,0,0,.956,-.294,0,.294,.956);es="Linear";ed="In";};};{tm=.333;["Torso"]={cf=cfr(0,0,0,.663,.729,-.172,-.743,.668,-.03,.093,.147,.985);es="Linear";ed="In";};["Head"]={cf=cfr(0,0,0,.671,-.74,.036,.739,.672,.049,-.061,-.006,.998);es="Linear";ed="In";};["Right Arm"]={cf=cfr(.121,-.541,.333,.965,-.25,-.083,.117,.125,.985,-.236,-.96,.15);es="Linear";ed="In";};["BunkerHill"]={cf=cfr(0,.019,-.175,1,0,0,0,.951,-.309,0,.309,.951);es="Linear";ed="In";};};{tm=.35;["Torso"]={cf=cfr(0,0,0,.629,.756,-.182,-.77,.638,-.012,.107,.148,.983);es="Linear";ed="In";};["Head"]={cf=cfr(0,0,0,.64,-.767,.043,.766,.641,.046,-.063,.004,.998);es="Linear";ed="In";};["Right Arm"]={cf=cfr(.039,-.536,.361,.991,-.113,-.079,.094,.134,.987,-.101,-.985,.144);es="Linear";ed="In";};["BunkerHill"]={cf=cfr(0,.021,-.181,1,0,0,0,.947,-.321,0,.321,.947);es="Linear";ed="In";};};{tm=.367;["Torso"]={cf=cfr(0,0,0,.605,.774,-.189,-.788,.616,0,.116,.148,.982);es="Linear";ed="In";};["Head"]={cf=cfr(0,0,0,.616,-.786,.049,.785,.618,.043,-.064,.011,.998);es="Linear";ed="In";};["Right Arm"]={cf=cfr(-.019,-.531,.381,.997,-.012,-.075,.076,.139,.987,-.002,-.99,.139);es="Linear";ed="In";};["BunkerHill"]={cf=cfr(0,.023,-.186,1,0,0,0,.944,-.329,0,.329,.944);es="Linear";ed="In";};};{tm=.383;["Torso"]={cf=cfr(0,0,0,.587,.786,-.193,-.8,.6,.009,.123,.149,.981);es="Linear";ed="In";};["Head"]={cf=cfr(0,0,0,.6,-.798,.052,.798,.602,.042,-.065,.017,.998);es="Linear";ed="In";};["Right Arm"]={cf=cfr(-.059,-.529,.394,.996,.057,-.073,.064,.141,.988,.066,-.988,.137);es="Linear";ed="In";};["BunkerHill"]={cf=cfr(0,.024,-.189,1,0,0,0,.942,-.334,0,.334,.942);es="Linear";ed="In";};};{tm=.4;["Torso"]={cf=cfr(0,0,0,.576,.794,-.196,-.808,.589,.015,.127,.149,.981);es="Linear";ed="In";};["Head"]={cf=cfr(0,0,0,.589,-.806,.055,.806,.591,.041,-.065,.02,.998);es="Linear";ed="In";};["Right Arm"]={cf=cfr(-.086,-.527,.403,.992,.102,-.071,.056,.142,.988,.111,-.985,.135);es="Linear";ed="In";};["BunkerHill"]={cf=cfr(0,.025,-.191,1,0,0,0,.941,-.338,0,.338,.941);es="Linear";ed="In";};};{tm=.417;["Torso"]={cf=cfr(0,0,0,.569,.799,-.197,-.812,.583,.018,.13,.15,.98);es="Linear";ed="In";};["Head"]={cf=cfr(0,0,0,.582,-.811,.056,.81,.585,.04,-.065,.022,.998);es="Linear";ed="In";};["Right Arm"]={cf=cfr(-.101,-.526,.408,.989,.129,-.07,.051,.142,.989,.137,-.981,.134);es="Linear";ed="In";};["BunkerHill"]={cf=cfr(0,.025,-.192,1,0,0,0,.94,-.34,0,.34,.94);es="Linear";ed="In";};};{tm=.433;["Torso"]={cf=cfr(0,0,0,.565,.801,-.198,-.815,.58,.02,.131,.15,.98);es="Linear";ed="In";};["Head"]={cf=cfr(0,0,0,.579,-.814,.057,.813,.581,.04,-.066,.023,.998);es="Linear";ed="In";};["Right Arm"]={cf=cfr(-.11,-.525,.411,.987,.144,-.069,.049,.142,.989,.152,-.979,.133);es="Linear";ed="In";};["BunkerHill"]={cf=cfr(0,.025,-.193,1,0,0,0,.94,-.341,0,.341,.94);es="Linear";ed="In";};};{tm=.45;["Torso"]={cf=cfr(0,0,0,.563,.802,-.199,-.816,.578,.021,.132,.15,.98);es="Linear";ed="In";};["Head"]={cf=cfr(0,0,0,.577,-.815,.057,.814,.579,.04,-.066,.024,.998);es="Linear";ed="In";};["Right Arm"]={cf=cfr(-.114,-.525,.413,.986,.151,-.069,.048,.142,.989,.159,-.978,.133);es="Linear";ed="In";};["BunkerHill"]={cf=cfr(0,.025,-.193,1,0,0,0,.94,-.342,0,.342,.94);es="Linear";ed="In";};};{tm=.467;["Torso"]={cf=cfr(0,0,0,.562,.803,-.199,-.816,.577,.022,.132,.15,.98);es="Linear";ed="In";};["Head"]={cf=cfr(0,0,0,.576,-.815,.057,.815,.579,.04,-.066,.024,.998);es="Linear";ed="In";};["Right Arm"]={cf=cfr(-.116,-.525,.413,.986,.153,-.069,.047,.142,.989,.162,-.978,.133);es="Linear";ed="In";};["BunkerHill"]={cf=cfr(0,.025,-.194,1,0,0,0,.94,-.342,0,.342,.94);es="Linear";ed="In";};};{tm=.483;["Torso"]={cf=cfr(0,0,0,.562,.803,-.199,-.816,.577,.022,.132,.15,.98);es="Linear";ed="In";};["Head"]={cf=cfr(0,0,0,.576,-.815,.057,.815,.579,.04,-.066,.024,.998);es="Linear";ed="In";};["Right Arm"]={cf=cfr(-.116,-.525,.413,.986,.154,-.069,.047,.142,.989,.162,-.978,.133);es="Linear";ed="In";};["BunkerHill"]={cf=cfr(0,.025,-.194,1,0,0,0,.94,-.342,0,.342,.94);es="Linear";ed="In";};};{tm=.5;["Torso"]={cf=cfr(0,0,0,.562,.803,-.199,-.816,.577,.022,.132,.15,.98);es="Linear";ed="In";};["Head"]={cf=cfr(0,0,0,.576,-.815,.057,.815,.579,.04,-.066,.024,.998);es="Linear";ed="In";};["Right Arm"]={cf=cfr(-.116,-.525,.413,.986,.154,-.069,.047,.142,.989,.162,-.978,.133);es="Linear";ed="In";};["BunkerHill"]={cf=cfr(0,.025,-.194,1,0,0,0,.94,-.342,0,.342,.94);es="Linear";ed="In";};};{tm=.667;["Torso"]={cf=cfr(0,0,0,.562,.803,-.199,-.816,.577,.022,.132,.15,.98);es="Linear";ed="In";};["Head"]={cf=cfr(0,0,0,.576,-.815,.057,.815,.579,.04,-.066,.024,.998);es="Linear";ed="In";};["Right Arm"]={cf=cfr(-.116,-.525,.413,.986,.154,-.069,.047,.142,.989,.162,-.978,.133);es="Linear";ed="In";};["BunkerHill"]={cf=cfr(0,.025,-.194,1,0,0,0,.94,-.342,0,.342,.94);es="Linear";ed="In";};};}
anims.combo2 = {{tm=0;["Torso"]={cf=cfr(0,0,0,.562,.822,.088,-.816,.535,.218,.132,-.194,.972);es="Back";ed="In";};["Head"]={cf=cfr(0,0,0,.579,-.802,.148,.815,.564,-.131,.022,.197,.98);es="Back";ed="In";};["Right Arm"]={cf=cfr(.088,.456,.492,-.374,.463,-.804,.683,-.449,-.576,-.628,-.764,-.148);es="Back";ed="In";};["BunkerHill"]={cf=cfr(0,.051,-.097,1,0,0,0,.996,.087,0,-.087,.996);es="Back";ed="In";};};{tm=.017;["Torso"]={cf=cfr(0,0,0,.546,.833,.091,-.827,.519,.217,.133,-.194,.972);es="Linear";ed="In";};["Head"]={cf=cfr(0,0,0,.563,-.813,.149,.826,.549,-.13,.024,.197,.98);es="Linear";ed="In";};["Right Arm"]={cf=cfr(.09,.456,.492,-.36,.47,-.806,.683,-.455,-.571,-.635,-.756,-.157);es="Linear";ed="In";};["BunkerHill"]={cf=cfr(0,.051,-.097,1,0,0,0,.996,.089,0,-.089,.996);es="Linear";ed="In";};};{tm=.033;["Torso"]={cf=cfr(0,0,0,.504,.858,.1,-.853,.476,.215,.137,-.194,.971);es="Linear";ed="In";};["Head"]={cf=cfr(0,0,0,.522,-.84,.152,.853,.507,-.126,.029,.195,.98);es="Linear";ed="In";};["Right Arm"]={cf=cfr(.097,.455,.491,-.325,.489,-.81,.683,-.47,-.558,-.654,-.735,-.181);es="Linear";ed="In";};["BunkerHill"]={cf=cfr(0,.051,-.097,1,0,0,0,.995,.095,0,-.095,.995);es="Linear";ed="In";};};{tm=.05;["Torso"]={cf=cfr(0,0,0,.443,.89,.112,-.886,.414,.211,.141,-.193,.971);es="Linear";ed="In";};["Head"]={cf=cfr(0,0,0,.462,-.873,.155,.886,.447,-.121,.037,.193,.981);es="Linear";ed="In";};["Right Arm"]={cf=cfr(.106,.454,.49,-.275,.513,-.813,.683,-.491,-.541,-.677,-.704,-.215);es="Linear";ed="In";};["BunkerHill"]={cf=cfr(0,.051,-.097,1,0,0,0,.995,.102,0,-.102,.995);es="Linear";ed="In";};};{tm=.067;["Torso"]={cf=cfr(0,0,0,.371,.92,.126,-.917,.342,.206,.146,-.192,.971);es="Linear";ed="In";};["Head"]={cf=cfr(0,0,0,.392,-.907,.158,.919,.377,-.115,.045,.19,.981);es="Linear";ed="In";};["Right Arm"]={cf=cfr(.117,.452,.488,-.218,.537,-.815,.68,-.515,-.521,-.7,-.668,-.253);es="Linear";ed="In";};["BunkerHill"]={cf=cfr(0,.051,-.097,1,0,0,0,.994,.111,0,-.111,.994);es="Linear";ed="In";};};{tm=.083;["Torso"]={cf=cfr(0,0,0,.301,.944,.138,-.942,.271,.2,.151,-.19,.97);es="Linear";ed="In";};["Head"]={cf=cfr(0,0,0,.322,-.933,.16,.945,.307,-.109,.052,.186,.981);es="Linear";ed="In";};["Right Arm"]={cf=cfr(.127,.451,.487,-.161,.558,-.814,.676,-.538,-.503,-.719,-.632,-.291);es="Linear";ed="In";};["BunkerHill"]={cf=cfr(0,.051,-.097,1,0,0,0,.993,.119,0,-.119,.993);es="Linear";ed="In";};};{tm=.1;["Torso"]={cf=cfr(0,0,0,.242,.959,.148,-.958,.212,.194,.155,-.189,.97);es="Linear";ed="In";};["Head"]={cf=cfr(0,0,0,.264,-.951,.161,.963,.249,-.104,.058,.183,.981);es="Linear";ed="In";};["Right Arm"]={cf=cfr(.136,.45,.486,-.115,.573,-.811,.671,-.557,-.489,-.732,-.601,-.321);es="Linear";ed="In";};["BunkerHill"]={cf=cfr(0,.051,-.097,1,0,0,0,.992,.126,0,-.126,.992);es="Linear";ed="In";};};{tm=.117;["Torso"]={cf=cfr(0,0,0,.207,.966,.153,-.966,.177,.19,.157,-.188,.97);es="Linear";ed="In";};["Head"]={cf=cfr(0,0,0,.229,-.96,.162,.971,.215,-.101,.062,.181,.982);es="Linear";ed="In";};["Right Arm"]={cf=cfr(.14,.449,.485,-.087,.581,-.809,.668,-.568,-.48,-.739,-.582,-.339);es="Linear";ed="In";};["BunkerHill"]={cf=cfr(0,.051,-.097,1,0,0,0,.992,.13,0,-.13,.992);es="Linear";ed="In";};};{tm=.133;["Torso"]={cf=cfr(0,0,0,.207,.966,.153,-.966,.177,.19,.157,-.188,.97);es="Linear";ed="In";};["Head"]={cf=cfr(0,0,0,.23,-.96,.162,.971,.215,-.101,.062,.181,.982);es="Linear";ed="In";};["Right Arm"]={cf=cfr(.14,.449,.485,-.088,.581,-.809,.668,-.568,-.48,-.739,-.583,-.339);es="Linear";ed="In";};["BunkerHill"]={cf=cfr(0,.051,-.097,1,0,0,0,.992,.13,0,-.13,.992);es="Linear";ed="In";};};{tm=.15;["Torso"]={cf=cfr(0,0,0,.254,.956,.146,-.955,.224,.195,.154,-.189,.97);es="Linear";ed="In";};["Head"]={cf=cfr(0,0,0,.276,-.948,.161,.959,.261,-.105,.057,.184,.981);es="Linear";ed="In";};["Right Arm"]={cf=cfr(.134,.45,.486,-.124,.57,-.812,.673,-.553,-.492,-.73,-.607,-.315);es="Linear";ed="In";};["BunkerHill"]={cf=cfr(0,.051,-.097,1,0,0,0,.992,.125,0,-.125,.992);es="Linear";ed="In";};};{tm=.167;["Torso"]={cf=cfr(0,0,0,.356,.926,.129,-.923,.326,.204,.147,-.191,.97);es="Linear";ed="In";};["Head"]={cf=cfr(0,0,0,.376,-.913,.158,.925,.362,-.114,.047,.189,.981);es="Linear";ed="In";};["Right Arm"]={cf=cfr(.119,.452,.488,-.205,.542,-.815,.68,-.52,-.517,-.704,-.66,-.262);es="Linear";ed="In";};["BunkerHill"]={cf=cfr(0,.051,-.097,1,0,0,0,.994,.113,0,-.113,.994);es="Linear";ed="In";};};{tm=.183;["Torso"]={cf=cfr(0,0,0,.515,.852,.098,-.847,.487,.215,.136,-.194,.972);es="Linear";ed="In";};["Head"]={cf=cfr(0,0,0,.532,-.833,.151,.846,.518,-.127,.028,.196,.98);es="Linear";ed="In";};["Right Arm"]={cf=cfr(.095,.455,.491,-.334,.484,-.809,.683,-.466,-.562,-.649,-.74,-.175);es="Linear";ed="In";};["BunkerHill"]={cf=cfr(0,.051,-.097,1,0,0,0,.996,.093,0,-.093,.996);es="Linear";ed="In";};};{tm=.2;["Torso"]={cf=cfr(0,0,0,.716,.696,.051,-.688,.691,.222,.119,-.194,.974);es="Linear";ed="In";};["Head"]={cf=cfr(0,0,0,.729,-.67,.137,.684,.715,-.145,-.001,.199,.98);es="Linear";ed="In";};["Right Arm"]={cf=cfr(.06,.46,.496,-.507,.377,-.775,.671,-.391,-.629,-.54,-.84,-.055);es="Linear";ed="In";};["BunkerHill"]={cf=cfr(0,.051,-.097,1,0,0,0,.998,.065,0,-.065,.998);es="Linear";ed="In";};};{tm=.217;["Torso"]={cf=cfr(0,0,0,.911,.411,-.012,-.4,.892,.21,.097,-.187,.978);es="Linear";ed="In";};["Head"]={cf=cfr(0,0,0,.918,-.38,.112,.395,.905,-.161,-.04,.192,.981);es="Linear";ed="In";};["Right Arm"]={cf=cfr(.013,.466,.503,-.701,.196,-.686,.623,-.301,-.722,-.348,-.933,.089);es="Linear";ed="In";};["BunkerHill"]={cf=cfr(0,.051,-.097,1,0,0,0,1,.026,0,-.026,1);es="Linear";ed="In";};};{tm=.233;["Torso"]={cf=cfr(0,0,0,.996,-.028,-.081,.042,.986,.164,.076,-.167,.983);es="Linear";ed="In";};["Head"]={cf=cfr(0,0,0,.996,.059,.073,-.046,.985,-.168,-.082,.164,.983);es="Linear";ed="In";};["Right Arm"]={cf=cfr(-.049,.475,.511,-.858,-.076,-.507,.511,-.215,-.832,-.046,-.974,.223);es="Linear";ed="In";};["BunkerHill"]={cf=cfr(0,.051,-.097,1,0,0,0,1,-.024,0,.024,1);es="Linear";ed="In";};};{tm=.25;["Torso"]={cf=cfr(0,0,0,.817,-.562,-.128,.573,.816,.072,.064,-.132,.989);es="Expo";ed="Out";};["Head"]={cf=cfr(0,0,0,.812,.584,.027,-.574,.805,-.152,-.111,.108,.988);es="Expo";ed="Out";};["Right Arm"]={cf=cfr(-.127,.485,.522,-.879,-.423,-.22,.316,-.173,-.933,.357,-.889,.286);es="Expo";ed="Out";};["BunkerHill"]={cf=cfr(0,.051,-.097,1,0,0,0,.996,-.087,0,.087,.996);es="Expo";ed="Out";};};{tm=.267;["Torso"]={cf=cfr(0,0,0,.537,-.836,-.114,.84,.542,-.02,.079,-.085,.993);es="Linear";ed="In";};["Head"]={cf=cfr(0,0,0,.559,.828,.031,-.824,.559,-.091,-.092,.026,.995);es="Linear";ed="In";};["Right Arm"]={cf=cfr(.261,.406,.407,-.465,-.859,-.214,.356,.039,-.934,.81,-.51,.288);es="Linear";ed="In";};["BunkerHill"]={cf=cfr(0,.036,-.063,1,0,0,0,.977,-.215,0,.215,.977);es="Linear";ed="In";};};{tm=.283;["Torso"]={cf=cfr(0,0,0,.316,-.945,-.088,.944,.323,-.073,.097,-.059,.993);es="Linear";ed="In";};["Head"]={cf=cfr(0,0,0,.362,.931,.044,-.93,.364,-.053,-.066,-.021,.998);es="Linear";ed="In";};["Right Arm"]={cf=cfr(.504,.356,.334,-.1,-.973,-.21,.312,.169,-.935,.945,-.159,.287);es="Linear";ed="In";};["BunkerHill"]={cf=cfr(0,.026,-.042,1,0,0,0,.956,-.294,0,.294,.956);es="Linear";ed="In";};};{tm=.3;["Torso"]={cf=cfr(0,0,0,.167,-.984,-.064,.98,.173,-.102,.112,-.046,.993);es="Linear";ed="In";};["Head"]={cf=cfr(0,0,0,.229,.972,.056,-.972,.231,-.032,-.044,-.047,.998);es="Linear";ed="In";};["Right Arm"]={cf=cfr(.658,.324,.288,.141,-.968,-.208,.26,.239,-.936,.955,.078,.286);es="Linear";ed="In";};["BunkerHill"]={cf=cfr(0,.02,-.029,1,0,0,0,.94,-.342,0,.342,.94);es="Linear";ed="In";};};{tm=.317;["Torso"]={cf=cfr(0,0,0,.07,-.996,-.047,.99,.076,-.119,.122,-.039,.992);es="Linear";ed="In";};["Head"]={cf=cfr(0,0,0,.143,.988,.065,-.989,.144,-.019,-.028,-.062,.998);es="Linear";ed="In";};["Right Arm"]={cf=cfr(.755,.304,.259,.29,-.934,-.206,.219,.275,-.936,.932,.227,.284);es="Linear";ed="In";};["BunkerHill"]={cf=cfr(0,.016,-.021,1,0,0,0,.928,-.372,0,.372,.928);es="Linear";ed="In";};};{tm=.333;["Torso"]={cf=cfr(0,0,0,.009,-.999,-.036,.992,.014,-.128,.129,-.035,.991);es="Linear";ed="In";};["Head"]={cf=cfr(0,0,0,.088,.994,.072,-.996,.089,-.012,-.018,-.07,.997);es="Linear";ed="In";};["Right Arm"]={cf=cfr(.816,.292,.241,.381,-.902,-.206,.19,.294,-.937,.905,.317,.284);es="Linear";ed="In";};["BunkerHill"]={cf=cfr(0,.013,-.015,1,0,0,0,.92,-.391,0,.391,.92);es="Linear";ed="In";};};{tm=.35;["Torso"]={cf=cfr(0,0,0,-.029,-.999,-.029,.991,-.025,-.134,.133,-.032,.991);es="Linear";ed="In";};["Head"]={cf=cfr(0,0,0,.053,.996,.076,-.999,.053,-.007,-.011,-.076,.997);es="Linear";ed="In";};["Right Arm"]={cf=cfr(.854,.284,.23,.436,-.876,-.205,.172,.305,-.937,.884,.373,.283);es="Linear";ed="In";};["BunkerHill"]={cf=cfr(0,.012,-.012,1,0,0,0,.915,-.403,0,.403,.915);es="Linear";ed="In";};};{tm=.367;["Torso"]={cf=cfr(0,0,0,-.053,-.998,-.024,.989,-.049,-.137,.136,-.031,.99);es="Linear";ed="In";};["Head"]={cf=cfr(0,0,0,.031,.996,.079,-1,.031,-.004,-.007,-.079,.997);es="Linear";ed="In";};["Right Arm"]={cf=cfr(.879,.279,.222,.47,-.859,-.205,.159,.311,-.937,.868,.407,.283);es="Linear";ed="In";};["BunkerHill"]={cf=cfr(0,.011,-.01,1,0,0,0,.912,-.41,0,.41,.912);es="Linear";ed="In";};};{tm=.383;["Torso"]={cf=cfr(0,0,0,-.068,-.997,-.021,.988,-.065,-.139,.138,-.03,.99);es="Linear";ed="In";};["Head"]={cf=cfr(0,0,0,.017,.997,.081,-1,.017,-.003,-.004,-.08,.997);es="Linear";ed="In";};["Right Arm"]={cf=cfr(.894,.276,.218,.49,-.847,-.205,.151,.315,-.937,.858,.429,.283);es="Linear";ed="In";};["BunkerHill"]={cf=cfr(0,.01,-.009,1,0,0,0,.91,-.415,0,.415,.91);es="Linear";ed="In";};};{tm=.4;["Torso"]={cf=cfr(0,0,0,-.078,-.997,-.019,.987,-.075,-.141,.139,-.029,.99);es="Linear";ed="In";};["Head"]={cf=cfr(0,0,0,.008,.997,.082,-1,.009,-.002,-.002,-.082,.997);es="Linear";ed="In";};["Right Arm"]={cf=cfr(.903,.274,.215,.504,-.839,-.205,.146,.317,-.937,.851,.442,.283);es="Linear";ed="In";};["BunkerHill"]={cf=cfr(0,.01,-.008,1,0,0,0,.908,-.418,0,.418,.908);es="Linear";ed="In";};};{tm=.417;["Torso"]={cf=cfr(0,0,0,-.084,-.996,-.018,.987,-.081,-.141,.139,-.029,.99);es="Linear";ed="In";};["Head"]={cf=cfr(0,0,0,.003,.997,.082,-1,.003,-.001,-.001,-.082,.997);es="Linear";ed="In";};["Right Arm"]={cf=cfr(.909,.272,.213,.512,-.834,-.205,.143,.318,-.937,.847,.45,.282);es="Linear";ed="In";};["BunkerHill"]={cf=cfr(0,.009,-.007,1,0,0,0,.908,-.42,0,.42,.908);es="Linear";ed="In";};};{tm=.433;["Torso"]={cf=cfr(0,0,0,-.088,-.996,-.017,.986,-.084,-.142,.14,-.029,.99);es="Linear";ed="In";};["Head"]={cf=cfr(0,0,0,-.001,.997,.083,-1,-.001,0,0,-.083,.997);es="Linear";ed="In";};["Right Arm"]={cf=cfr(.913,.272,.212,.517,-.831,-.205,.141,.319,-.937,.844,.455,.282);es="Linear";ed="In";};["BunkerHill"]={cf=cfr(0,.009,-.007,1,0,0,0,.907,-.421,0,.421,.907);es="Linear";ed="In";};};{tm=.45;["Torso"]={cf=cfr(0,0,0,-.09,-.996,-.016,.986,-.087,-.142,.14,-.029,.99);es="Linear";ed="In";};["Head"]={cf=cfr(0,0,0,-.003,.997,.083,-1,-.003,0,0,-.083,.997);es="Linear";ed="In";};["Right Arm"]={cf=cfr(.916,.271,.211,.52,-.829,-.205,.14,.32,-.937,.843,.459,.282);es="Linear";ed="In";};["BunkerHill"]={cf=cfr(0,.009,-.007,1,0,0,0,.907,-.422,0,.422,.907);es="Linear";ed="In";};};{tm=.467;["Torso"]={cf=cfr(0,0,0,-.092,-.996,-.016,.986,-.088,-.142,.14,-.029,.99);es="Linear";ed="In";};["Head"]={cf=cfr(0,0,0,-.004,.997,.083,-1,-.004,0,0,-.083,.997);es="Linear";ed="In";};["Right Arm"]={cf=cfr(.917,.271,.211,.522,-.828,-.205,.139,.32,-.937,.841,.461,.282);es="Linear";ed="In";};["BunkerHill"]={cf=cfr(0,.009,-.006,1,0,0,0,.907,-.422,0,.422,.907);es="Linear";ed="In";};};{tm=.483;["Torso"]={cf=cfr(0,0,0,-.093,-.996,-.016,.986,-.089,-.142,.14,-.029,.99);es="Linear";ed="In";};["Head"]={cf=cfr(0,0,0,-.005,.997,.083,-1,-.005,0,0,-.083,.997);es="Linear";ed="In";};["Right Arm"]={cf=cfr(.918,.271,.211,.523,-.827,-.205,.139,.32,-.937,.841,.462,.282);es="Linear";ed="In";};["BunkerHill"]={cf=cfr(0,.009,-.006,1,0,0,0,.906,-.422,0,.422,.906);es="Linear";ed="In";};};{tm=.5;["Torso"]={cf=cfr(0,0,0,-.093,-.996,-.016,.986,-.09,-.143,.141,-.029,.99);es="Linear";ed="In";};["Head"]={cf=cfr(0,0,0,-.005,.996,.083,-1,-.006,0,.001,-.083,.997);es="Linear";ed="In";};["Right Arm"]={cf=cfr(.919,.27,.21,.524,-.827,-.205,.138,.32,-.937,.84,.463,.282);es="Linear";ed="In";};["BunkerHill"]={cf=cfr(0,.009,-.006,1,0,0,0,.906,-.423,0,.423,.906);es="Linear";ed="In";};};{tm=.667;["Torso"]={cf=cfr(0,0,0,-.093,-.996,-.016,.986,-.09,-.143,.141,-.029,.99);es="Linear";ed="In";};["Head"]={cf=cfr(0,0,0,-.005,.996,.083,-1,-.006,0,.001,-.083,.997);es="Linear";ed="In";};["Right Arm"]={cf=cfr(.919,.27,.21,.524,-.827,-.205,.138,.32,-.937,.84,.463,.282);es="Linear";ed="In";};["BunkerHill"]={cf=cfr(0,.009,-.006,1,0,0,0,.906,-.423,0,.423,.906);es="Linear";ed="In";};};}
anims.combo3 = {{tm=0;["Torso"]={cf=cfr(0,0,0,.081,-.997,-.016,.986,.083,-.143,.143,-.004,.99);es="Back";ed="In";};["Head"]={cf=cfr(0,0,0,.253,.964,.083,-.967,.253,0,-.021,-.081,.997);es="Back";ed="In";};["Right Arm"]={cf=cfr(.876,-.629,.05,-.561,-.576,.595,.276,.548,.79,-.781,.607,-.148);es="Back";ed="In";};["BunkerHill"]={cf=cfr(0,.009,-.006,1,0,0,0,.906,-.423,0,.423,.906);es="Back";ed="In";};};{tm=.017;["Torso"]={cf=cfr(0,0,0,.076,-.997,-.016,.986,.077,-.145,.145,-.005,.989);es="Linear";ed="In";};["Head"]={cf=cfr(0,0,0,.249,.965,.084,-.968,.249,.001,-.021,-.082,.996);es="Linear";ed="In";};["Right Arm"]={cf=cfr(.887,-.631,.041,-.571,-.564,.596,.286,.544,.789,-.77,.621,-.149);es="Linear";ed="In";};["BunkerHill"]={cf=cfr(0,.009,-.005,1,0,0,0,.904,-.427,0,.427,.904);es="Linear";ed="In";};};{tm=.033;["Torso"]={cf=cfr(0,0,0,.062,-.998,-.018,.987,.064,-.15,.151,-.008,.989);es="Linear";ed="In";};["Head"]={cf=cfr(0,0,0,.238,.967,.087,-.971,.239,.002,-.019,-.085,.996);es="Linear";ed="In";};["Right Arm"]={cf=cfr(.916,-.636,.017,-.596,-.534,.6,.311,.535,.786,-.74,.655,-.152);es="Linear";ed="In";};["BunkerHill"]={cf=cfr(0,.009,-.002,1,0,0,0,.898,-.44,0,.44,.898);es="Linear";ed="In";};};{tm=.05;["Torso"]={cf=cfr(0,0,0,.043,-.999,-.02,.987,.045,-.157,.158,-.013,.987);es="Linear";ed="In";};["Head"]={cf=cfr(0,0,0,.223,.971,.09,-.975,.224,.003,-.017,-.089,.996);es="Linear";ed="In";};["Right Arm"]={cf=cfr(.957,-.643,-.017,-.628,-.49,.604,.346,.519,.782,-.697,.7,-.157);es="Linear";ed="In";};["BunkerHill"]={cf=cfr(0,.009,.002,1,0,0,0,.889,-.457,0,.457,.889);es="Linear";ed="In";};};{tm=.067;["Torso"]={cf=cfr(0,0,0,.021,-1,-.022,.986,.024,-.166,.166,-.018,.986);es="Linear";ed="In";};["Head"]={cf=cfr(0,0,0,.206,.974,.094,-.978,.207,.005,-.015,-.093,.996);es="Linear";ed="In";};["Right Arm"]={cf=cfr(1.002,-.65,-.055,-.662,-.439,.608,.383,.499,.777,-.645,.747,-.162);es="Linear";ed="In";};["BunkerHill"]={cf=cfr(0,.009,.007,1,0,0,0,.879,-.476,0,.476,.879);es="Linear";ed="In";};};{tm=.083;["Torso"]={cf=cfr(0,0,0,0,-1,-.024,.985,.004,-.174,.174,-.024,.985);es="Linear";ed="In";};["Head"]={cf=cfr(0,0,0,.19,.977,.098,-.982,.19,.006,-.012,-.098,.995);es="Linear";ed="In";};["Right Arm"]={cf=cfr(1.046,-.658,-.092,-.69,-.387,.612,.418,.477,.773,-.591,.789,-.168);es="Linear";ed="In";};["BunkerHill"]={cf=cfr(0,.009,.012,1,0,0,0,.869,-.494,0,.494,.869);es="Linear";ed="In";};};{tm=.1;["Torso"]={cf=cfr(0,0,0,-.017,-1,-.025,.984,-.012,-.18,.18,-.028,.983);es="Linear";ed="In";};["Head"]={cf=cfr(0,0,0,.177,.979,.102,-.984,.177,.008,-.011,-.101,.995);es="Linear";ed="In";};["Right Arm"]={cf=cfr(1.082,-.664,-.122,-.71,-.343,.615,.445,.458,.77,-.546,.82,-.172);es="Linear";ed="In";};["BunkerHill"]={cf=cfr(0,.009,.016,1,0,0,0,.861,-.509,0,.509,.861);es="Linear";ed="In";};};{tm=.117;["Torso"]={cf=cfr(0,0,0,-.027,-.999,-.026,.983,-.022,-.184,.183,-.031,.983);es="Linear";ed="In";};["Head"]={cf=cfr(0,0,0,.169,.98,.103,-.986,.169,.008,-.009,-.103,.995);es="Linear";ed="In";};["Right Arm"]={cf=cfr(1.103,-.668,-.14,-.721,-.317,.616,.46,.446,.768,-.518,.837,-.175);es="Linear";ed="In";};["BunkerHill"]={cf=cfr(0,.009,.018,1,0,0,0,.856,-.518,0,.518,.856);es="Linear";ed="In";};};{tm=.133;["Torso"]={cf=cfr(0,0,0,-.027,-.999,-.026,.983,-.022,-.184,.183,-.031,.983);es="Linear";ed="In";};["Head"]={cf=cfr(0,0,0,.169,.98,.103,-.986,.169,.008,-.009,-.103,.995);es="Linear";ed="In";};["Right Arm"]={cf=cfr(1.103,-.668,-.139,-.721,-.318,.616,.46,.446,.768,-.519,.837,-.175);es="Linear";ed="In";};["BunkerHill"]={cf=cfr(0,.009,.018,1,0,0,0,.856,-.517,0,.517,.856);es="Linear";ed="In";};};{tm=.15;["Torso"]={cf=cfr(0,0,0,-.013,-1,-.025,.984,-.009,-.179,.179,-.027,.984);es="Linear";ed="In";};["Head"]={cf=cfr(0,0,0,.18,.979,.101,-.984,.18,.007,-.011,-.101,.995);es="Linear";ed="In";};["Right Arm"]={cf=cfr(1.075,-.663,-.116,-.706,-.352,.614,.439,.462,.77,-.555,.814,-.171);es="Linear";ed="In";};["BunkerHill"]={cf=cfr(0,.009,.015,1,0,0,0,.863,-.506,0,.506,.863);es="Linear";ed="In";};};{tm=.167;["Torso"]={cf=cfr(0,0,0,.016,-1,-.022,.986,.02,-.167,.168,-.019,.986);es="Linear";ed="In";};["Head"]={cf=cfr(0,0,0,.203,.975,.095,-.979,.203,.005,-.014,-.094,.995);es="Linear";ed="In";};["Right Arm"]={cf=cfr(1.012,-.652,-.064,-.668,-.427,.609,.391,.495,.776,-.633,.757,-.163);es="Linear";ed="In";};["BunkerHill"]={cf=cfr(0,.009,.008,1,0,0,0,.877,-.48,0,.48,.877);es="Linear";ed="In";};};{tm=.183;["Torso"]={cf=cfr(0,0,0,.066,-.998,-.017,.987,.067,-.149,.149,-.007,.989);es="Linear";ed="In";};["Head"]={cf=cfr(0,0,0,.241,.967,.086,-.97,.241,.001,-.019,-.084,.996);es="Linear";ed="In";};["Right Arm"]={cf=cfr(.909,-.634,.023,-.59,-.542,.599,.305,.537,.786,-.748,.646,-.152);es="Linear";ed="In";};["BunkerHill"]={cf=cfr(0,.009,-.003,1,0,0,0,.9,-.437,0,.437,.9);es="Linear";ed="In";};};{tm=.2;["Torso"]={cf=cfr(0,0,0,.137,-.991,-.008,.983,.137,-.121,.121,.008,.993);es="Linear";ed="In";};["Head"]={cf=cfr(0,0,0,.295,.953,.073,-.955,.296,-.005,-.026,-.069,.997);es="Linear";ed="In";};["Right Arm"]={cf=cfr(.758,-.608,.149,-.444,-.682,.581,.169,.573,.802,-.88,.454,-.139);es="Linear";ed="In";};["BunkerHill"]={cf=cfr(0,.009,-.019,1,0,0,0,.928,-.371,0,.371,.928);es="Linear";ed="In";};};{tm=.217;["Torso"]={cf=cfr(0,0,0,.232,-.973,.007,.969,.231,-.086,.082,.027,.996);es="Linear";ed="In";};["Head"]={cf=cfr(0,0,0,.368,.928,.056,-.929,.369,-.014,-.034,-.047,.998);es="Linear";ed="In";};["Right Arm"]={cf=cfr(.552,-.573,.32,-.202,-.809,.552,-.021,.567,.823,-.979,.155,-.131);es="Linear";ed="In";};["BunkerHill"]={cf=cfr(0,.009,-.041,1,0,0,0,.96,-.28,0,.28,.96);es="Linear";ed="In";};};{tm=.233;["Torso"]={cf=cfr(0,0,0,.351,-.936,.032,.936,.35,-.042,.028,.044,.999);es="Linear";ed="In";};["Head"]={cf=cfr(0,0,0,.459,.888,.036,-.887,.46,-.029,-.042,-.018,.999);es="Linear";ed="In";};["Right Arm"]={cf=cfr(.286,-.528,.542,.149,-.846,.512,-.247,.47,.848,-.958,-.253,-.138);es="Linear";ed="In";};["BunkerHill"]={cf=cfr(0,.009,-.07,1,0,0,0,.988,-.157,0,.157,.988);es="Linear";ed="In";};};{tm=.25;["Torso"]={cf=cfr(0,0,0,.49,-.869,.071,.871,.492,.009,-.042,.057,.997);es="Expo";ed="Out";};["Head"]={cf=cfr(0,0,0,.567,.824,.012,-.822,.567,-.049,-.047,.018,.999);es="Expo";ed="Out";};["Right Arm"]={cf=cfr(-.047,-.471,.82,.56,-.684,.468,-.441,.232,.867,-.701,-.692,-.172);es="Expo";ed="Out";};["BunkerHill"]={cf=cfr(0,.009,-.106,1,0,0,0,1,0,0,0,1);es="Expo";ed="Out";};};{tm=.267;["Torso"]={cf=cfr(0,0,0,.902,-.424,.085,.42,.906,.059,-.103,-.018,.995);es="Linear";ed="In";};["Head"]={cf=cfr(0,0,0,.937,.347,.025,-.344,.935,-.087,-.054,.073,.996);es="Linear";ed="In";};["Right Arm"]={cf=cfr(-.281,-.318,.82,.88,-.358,.314,-.391,-.168,.905,-.271,-.919,-.287);es="Linear";ed="In";};["BunkerHill"]={cf=cfr(0,.009,-.106,1,0,0,0,.975,-.224,0,.224,.975);es="Linear";ed="In";};};{tm=.283;["Torso"]={cf=cfr(0,0,0,.993,-.049,.109,.04,.996,.083,-.113,-.078,.991);es="Linear";ed="In";};["Head"]={cf=cfr(0,0,0,.999,-.031,.045,.035,.994,-.104,-.041,.105,.994);es="Linear";ed="In";};["Right Arm"]={cf=cfr(-.429,-.223,.82,.967,-.072,.244,-.253,-.384,.888,.03,-.92,-.39);es="Linear";ed="In";};["BunkerHill"]={cf=cfr(0,.009,-.106,1,0,0,0,.933,-.361,0,.361,.933);es="Linear";ed="In";};};{tm=.3;["Torso"]={cf=cfr(0,0,0,.973,.193,.128,-.206,.974,.092,-.107,-.116,.987);es="Linear";ed="In";};["Head"]={cf=cfr(0,0,0,.961,-.27,.059,.275,.955,-.11,-.027,.122,.992);es="Linear";ed="In";};["Right Arm"]={cf=cfr(-.522,-.162,.82,.969,.119,.217,-.133,-.49,.862,.209,-.864,-.459);es="Linear";ed="In";};["BunkerHill"]={cf=cfr(0,.009,-.106,1,0,0,0,.897,-.443,0,.443,.897);es="Linear";ed="In";};};{tm=.317;["Torso"]={cf=cfr(0,0,0,.93,.34,.141,-.355,.93,.095,-.099,-.139,.985);es="Linear";ed="In";};["Head"]={cf=cfr(0,0,0,.908,-.413,.069,.419,.901,-.112,-.016,.131,.991);es="Linear";ed="In";};["Right Arm"]={cf=cfr(-.58,-.124,.82,.949,.239,.207,-.047,-.541,.839,.313,-.806,-.502);es="Linear";ed="In";};["BunkerHill"]={cf=cfr(0,.009,-.106,1,0,0,0,.87,-.493,0,.493,.87);es="Linear";ed="In";};};{tm=.333;["Torso"]={cf=cfr(0,0,0,.891,.429,.149,-.445,.89,.097,-.091,-.152,.984);es="Linear";ed="In";};["Head"]={cf=cfr(0,0,0,.863,-.499,.076,.504,.856,-.113,-.009,.135,.991);es="Linear";ed="In";};["Right Arm"]={cf=cfr(-.617,-.1,.82,.927,.313,.204,.01,-.567,.823,.374,-.762,-.529);es="Linear";ed="In";};["BunkerHill"]={cf=cfr(0,.009,-.106,1,0,0,0,.852,-.523,0,.523,.852);es="Linear";ed="In";};};{tm=.35;["Torso"]={cf=cfr(0,0,0,.862,.483,.154,-.499,.861,.097,-.086,-.161,.983);es="Linear";ed="In";};["Head"]={cf=cfr(0,0,0,.831,-.55,.08,.556,.824,-.112,-.004,.138,.99);es="Linear";ed="In";};["Right Arm"]={cf=cfr(-.64,-.085,.82,.911,.359,.204,.047,-.581,.813,.41,-.731,-.546);es="Linear";ed="In";};["BunkerHill"]={cf=cfr(0,.009,-.106,1,0,0,0,.84,-.542,0,.542,.84);es="Linear";ed="In";};};{tm=.367;["Torso"]={cf=cfr(0,0,0,.842,.516,.158,-.533,.841,.097,-.083,-.166,.983);es="Linear";ed="In";};["Head"]={cf=cfr(0,0,0,.809,-.581,.082,.587,.802,-.112,-.001,.139,.99);es="Linear";ed="In";};["Right Arm"]={cf=cfr(-.655,-.076,.82,.899,.387,.204,.071,-.588,.806,.432,-.71,-.556);es="Linear";ed="In";};["BunkerHill"]={cf=cfr(0,.009,-.106,1,0,0,0,.832,-.554,0,.554,.832);es="Linear";ed="In";};};{tm=.383;["Torso"]={cf=cfr(0,0,0,.829,.536,.16,-.553,.827,.097,-.08,-.169,.982);es="Linear";ed="In";};["Head"]={cf=cfr(0,0,0,.795,-.601,.084,.607,.787,-.112,.001,.14,.99);es="Linear";ed="In";};["Right Arm"]={cf=cfr(-.664,-.07,.819,.891,.405,.204,.086,-.592,.801,.445,-.697,-.563);es="Linear";ed="In";};["BunkerHill"]={cf=cfr(0,.009,-.106,1,0,0,0,.827,-.562,0,.562,.827);es="Linear";ed="In";};};{tm=.4;["Torso"]={cf=cfr(0,0,0,.82,.549,.161,-.566,.819,.097,-.079,-.17,.982);es="Linear";ed="In";};["Head"]={cf=cfr(0,0,0,.786,-.613,.085,.619,.778,-.112,.003,.141,.99);es="Linear";ed="In";};["Right Arm"]={cf=cfr(-.67,-.066,.819,.886,.416,.204,.095,-.595,.798,.453,-.688,-.567);es="Linear";ed="In";};["BunkerHill"]={cf=cfr(0,.009,-.106,1,0,0,0,.824,-.566,0,.566,.824);es="Linear";ed="In";};};{tm=.417;["Torso"]={cf=cfr(0,0,0,.815,.556,.162,-.574,.813,.096,-.078,-.172,.982);es="Linear";ed="In";};["Head"]={cf=cfr(0,0,0,.78,-.62,.086,.626,.772,-.112,.003,.141,.99);es="Linear";ed="In";};["Right Arm"]={cf=cfr(-.674,-.063,.819,.883,.423,.204,.101,-.596,.796,.459,-.683,-.569);es="Linear";ed="In";};["BunkerHill"]={cf=cfr(0,.009,-.106,1,0,0,0,.822,-.569,0,.569,.822);es="Linear";ed="In";};};{tm=.433;["Torso"]={cf=cfr(0,0,0,.811,.561,.163,-.579,.809,.096,-.077,-.172,.982);es="Linear";ed="In";};["Head"]={cf=cfr(0,0,0,.776,-.625,.086,.631,.768,-.112,.004,.141,.99);es="Linear";ed="In";};["Right Arm"]={cf=cfr(-.676,-.062,.819,.881,.427,.204,.105,-.597,.795,.462,-.679,-.571);es="Linear";ed="In";};["BunkerHill"]={cf=cfr(0,.009,-.106,1,0,0,0,.821,-.571,0,.571,.821);es="Linear";ed="In";};};{tm=.45;["Torso"]={cf=cfr(0,0,0,.809,.564,.163,-.582,.807,.096,-.077,-.173,.982);es="Linear";ed="In";};["Head"]={cf=cfr(0,0,0,.774,-.628,.086,.634,.765,-.112,.004,.141,.99);es="Linear";ed="In";};["Right Arm"]={cf=cfr(-.677,-.061,.819,.879,.43,.205,.107,-.598,.795,.464,-.677,-.572);es="Linear";ed="In";};["BunkerHill"]={cf=cfr(0,.009,-.106,1,0,0,0,.82,-.572,0,.572,.82);es="Linear";ed="In";};};{tm=.467;["Torso"]={cf=cfr(0,0,0,.808,.566,.163,-.584,.806,.096,-.077,-.173,.982);es="Linear";ed="In";};["Head"]={cf=cfr(0,0,0,.772,-.63,.086,.636,.764,-.112,.005,.141,.99);es="Linear";ed="In";};["Right Arm"]={cf=cfr(-.678,-.06,.819,.879,.432,.205,.109,-.598,.794,.465,-.675,-.572);es="Linear";ed="In";};["BunkerHill"]={cf=cfr(0,.009,-.106,1,0,0,0,.82,-.573,0,.573,.82);es="Linear";ed="In";};};{tm=.483;["Torso"]={cf=cfr(0,0,0,.807,.568,.163,-.586,.805,.096,-.077,-.173,.982);es="Linear";ed="In";};["Head"]={cf=cfr(0,0,0,.771,-.631,.086,.637,.763,-.112,.005,.141,.99);es="Linear";ed="In";};["Right Arm"]={cf=cfr(-.679,-.06,.819,.878,.433,.205,.11,-.598,.794,.466,-.675,-.573);es="Linear";ed="In";};["BunkerHill"]={cf=cfr(0,.009,-.106,1,0,0,0,.819,-.573,0,.573,.819);es="Linear";ed="In";};};{tm=.5;["Torso"]={cf=cfr(0,0,0,.806,.568,.163,-.586,.804,.096,-.077,-.173,.982);es="Linear";ed="In";};["Head"]={cf=cfr(0,0,0,.77,-.632,.087,.637,.762,-.112,.005,.141,.99);es="Linear";ed="In";};["Right Arm"]={cf=cfr(-.679,-.06,.819,.878,.433,.205,.11,-.598,.794,.466,-.674,-.573);es="Linear";ed="In";};["BunkerHill"]={cf=cfr(0,.009,-.106,1,0,0,0,.819,-.574,0,.574,.819);es="Linear";ed="In";};};{tm=.667;["Torso"]={cf=cfr(0,0,0,.806,.568,.163,-.586,.804,.096,-.077,-.173,.982);es="Linear";ed="In";};["Head"]={cf=cfr(0,0,0,.77,-.632,.087,.637,.762,-.112,.005,.141,.99);es="Linear";ed="In";};["Right Arm"]={cf=cfr(-.679,-.06,.819,.878,.433,.205,.11,-.598,.794,.466,-.674,-.573);es="Linear";ed="In";};["BunkerHill"]={cf=cfr(0,.009,-.106,1,0,0,0,.819,-.574,0,.574,.819);es="Linear";ed="In";};};}

return anims