-- // converted using mech's animoduler
local cfr = CFrame.new

return {
	{
		tm = 0;
		["Torso"] = {
			cf = cfr(0,0,0,.907,-.418,.056,.418,.873,-.251,.056,.251,.966);
			es = "Constant";
			ed = "In";
		};
		["Head"] = {
			cf = cfr(0,0,0,.94,.34,.036,-.34,.918,.204,.036,-.204,.978);
			es = "Constant";
			ed = "In";
		};
		["Left Leg"] = {
			cf = cfr(-.895,.14,-.2,.977,.14,-.159,-.133,.989,.058,.165,-.035,.986);
			es = "Constant";
			ed = "In";
		};
		["Right Arm"] = {
			cf = cfr(-.363,-.096,-.035,-.005,-.658,-.753,.939,-.262,.223,-.344,-.706,.62);
			es = "Constant";
			ed = "In";
		};
		["Right Leg"] = {
			cf = cfr(-.233,-.158,.103,.657,.442,-.61,-.461,.877,.139,.596,.19,.78);
			es = "Constant";
			ed = "In";
		};
		["Left Arm"] = {
			cf = cfr(0,0,0,.893,.439,.101,-.449,.883,.137,-.029,-.168,.985);
			es = "Constant";
			ed = "In";
		};
	};
	{
		tm = .033;
		["Torso"] = {
			cf = cfr(.022,-.01,-.072,.813,-.57,.115,.569,.739,-.361,.121,.359,.926);
			es = "Constant";
			ed = "In";
		};
		["Head"] = {
			cf = cfr(0,0,0,.857,.514,.042,-.51,.832,.218,.077,-.208,.975);
			es = "Constant";
			ed = "In";
		};
		["Left Leg"] = {
			cf = cfr(-1.077,.352,-.375,.874,.304,-.38,-.298,.952,.075,.384,.047,.922);
			es = "Constant";
			ed = "In";
		};
		["Right Arm"] = {
			cf = cfr(-.115,.169,.292,-.027,-.605,-.796,.953,-.256,.162,-.302,-.754,.583);
			es = "Constant";
			ed = "In";
		};
		["Right Leg"] = {
			cf = cfr(-.397,-.185,.069,.574,.286,-.767,-.376,.924,.063,.727,.252,.638);
			es = "Constant";
			ed = "In";
		};
		["Left Arm"] = {
			cf = cfr(-.003,-.049,.008,.976,.216,-.021,-.203,.942,.269,.078,-.258,.963);
			es = "Constant";
			ed = "In";
		};
	};
	{
		tm = .067;
		["Torso"] = {
			cf = cfr(.1,-.035,-.2,.587,-.768,.257,.764,.42,-.491,.269,.484,.833);
			es = "Constant";
			ed = "In";
		};
		["Head"] = {
			cf = cfr(0,0,0,.741,.67,.044,-.657,.71,.253,.139,-.217,.966);
			es = "Constant";
			ed = "In";
		};
		["Left Leg"] = {
			cf = cfr(-1.362,.721,-.738,.573,.476,-.667,-.482,.854,.196,.663,.209,.719);
			es = "Constant";
			ed = "In";
		};
		["Right Arm"] = {
			cf = cfr(.335,.503,.628,-.077,-.738,-.67,.938,-.282,.202,-.338,-.613,.714);
			es = "Constant";
			ed = "In";
		};
		["Right Leg"] = {
			cf = cfr(-.678,-.249,-.043,.364,.003,-.931,-.268,.958,-.101,.892,.287,.35);
			es = "Constant";
			ed = "In";
		};
		["Left Arm"] = {
			cf = cfr(-.006,-.132,.049,.964,-.124,-.237,.215,.885,.413,.158,-.449,.88);
			es = "Constant";
			ed = "In";
		};
	};
	{
		tm = .1;
		["Torso"] = {
			cf = cfr(.228,-.065,-.278,.424,-.838,.344,.836,.215,-.506,.35,.502,.791);
			es = "Constant";
			ed = "In";
		};
		["Head"] = {
			cf = cfr(0,0,0,.746,.665,.035,-.643,.706,.297,.173,-.244,.954);
			es = "Constant";
			ed = "In";
		};
		["Left Leg"] = {
			cf = cfr(-1.453,.928,-1.067,.464,.487,-.74,-.44,.852,.284,.769,.194,.609);
			es = "Constant";
			ed = "In";
		};
		["Right Arm"] = {
			cf = cfr(.626,.388,.291,-.27,-.957,.107,.814,-.168,.556,-.514,.237,.825);
			es = "Constant";
			ed = "In";
		};
		["Right Leg"] = {
			cf = cfr(-.823,-.322,-.218,.249,-.122,-.961,-.248,.951,-.185,.936,.284,.207);
			es = "Constant";
			ed = "In";
		};
		["Left Arm"] = {
			cf = cfr(-.003,-.18,.135,.942,-.219,-.256,.321,.813,.485,.102,-.539,.836);
			es = "Constant";
			ed = "In";
		};
	};
	{
		tm = .133;
		["Torso"] = {
			cf = cfr(.3,-.09,-.3,.373,-.845,.384,.863,.164,-.478,.341,.51,.79);
			es = "Constant";
			ed = "In";
		};
		["Head"] = {
			cf = cfr(0,0,0,.775,.631,.027,-.605,.73,.319,.182,-.264,.947);
			es = "Constant";
			ed = "In";
		};
		["Left Leg"] = {
			cf = cfr(-1.442,.978,-1.207,.486,.463,-.741,-.372,.877,.305,.791,.128,.598);
			es = "Constant";
			ed = "In";
		};
		["Right Arm"] = {
			cf = cfr(.714,.023,-.237,-.446,-.699,.559,.739,.066,.671,-.505,.712,.487);
			es = "Constant";
			ed = "In";
		};
		["Right Leg"] = {
			cf = cfr(-.853,-.358,-.315,.233,-.137,-.963,-.255,.947,-.196,.939,.291,.186);
			es = "Constant";
			ed = "In";
		};
		["Left Arm"] = {
			cf = cfr(.026,-.228,.222,.954,-.213,-.21,.293,.799,.524,.056,-.562,.825);
			es = "Constant";
			ed = "In";
		};
	};
	{
		tm = .167;
		["Torso"] = {
			cf = cfr(0,-.1,-.1,.982,.179,.06,-.159,.955,-.25,-.102,.236,.966);
			es = "Constant";
			ed = "In";
		};
		["Head"] = {
			cf = cfr(0,0,0,.986,-.162,-.032,.165,.971,.173,.003,-.176,.984);
			es = "Constant";
			ed = "In";
		};
		["Left Leg"] = {
			cf = cfr(-.028,.217,.023,.856,.071,.513,-.112,.992,.05,-.506,-.1,.857);
			es = "Constant";
			ed = "In";
		};
		["Right Arm"] = {
			cf = cfr(-.505,-.463,-.119,-.079,-.855,-.512,.937,.112,-.331,.34,-.506,.793);
			es = "Constant";
			ed = "In";
		};
		["Right Leg"] = {
			cf = cfr(.06,-.109,.078,.95,.308,.042,-.311,.947,.086,-.013,-.095,.995);
			es = "Constant";
			ed = "In";
		};
		["Left Arm"] = {
			cf = cfr(.412,-.384,.206,-.112,.987,.119,-.892,-.152,.425,.437,-.059,.897);
			es = "Constant";
			ed = "In";
		};
	};
	{
		tm = .2;
		["Torso"] = {
			cf = cfr(0,-.09,-.11,.758,.652,.024,-.651,.758,-.045,-.048,.018,.999);
			es = "Constant";
			ed = "In";
		};
		["Head"] = {
			cf = cfr(0,0,0,.786,-.618,.013,.616,.785,.068,-.052,-.045,.998);
			es = "Constant";
			ed = "In";
		};
		["Left Leg"] = {
			cf = cfr(-.009,.059,.366,.728,-.044,.684,.022,.999,.04,-.685,-.014,.728);
			es = "Constant";
			ed = "In";
		};
		["Right Arm"] = {
			cf = cfr(-.487,-.533,.013,-.12,-.74,-.662,.933,.144,-.331,.341,-.657,.673);
			es = "Constant";
			ed = "In";
		};
		["Right Leg"] = {
			cf = cfr(.311,.078,.12,.868,.375,.325,-.471,.829,.301,-.157,-.414,.897);
			es = "Constant";
			ed = "In";
		};
		["Left Arm"] = {
			cf = cfr(-.156,-.384,.351,-.023,.943,.331,-.903,-.162,.398,.429,-.29,.856);
			es = "Constant";
			ed = "In";
		};
	};
	{
		tm = .233;
		["Torso"] = {
			cf = cfr(0,-.065,-.135,.644,.764,-.029,-.765,.645,.009,.025,.016,1);
			es = "Constant";
			ed = "In";
		};
		["Head"] = {
			cf = cfr(0,0,0,.71,-.703,.046,.701,.712,.047,-.066,-.001,.998);
			es = "Constant";
			ed = "In";
		};
		["Left Leg"] = {
			cf = cfr(.068,.049,.419,.642,-.05,.765,.068,.998,.008,-.763,.047,.644);
			es = "Constant";
			ed = "In";
		};
		["Right Arm"] = {
			cf = cfr(-.417,-.456,.086,-.171,-.696,-.697,.935,.109,-.338,.311,-.71,.632);
			es = "Constant";
			ed = "In";
		};
		["Right Leg"] = {
			cf = cfr(.4,.152,.024,.839,.373,.397,-.515,.781,.354,-.178,-.501,.847);
			es = "Constant";
			ed = "In";
		};
		["Left Arm"] = {
			cf = cfr(-.985,-.368,.467,.051,.908,.416,-.895,-.143,.422,.443,-.394,.806);
			es = "Constant";
			ed = "In";
		};
	};
	{
		tm = .283;
		["Torso"] = {
			cf = cfr(0,-.035,-.165,.371,.928,-.048,-.927,.373,.041,.056,.03,.998);
			es = "Constant";
			ed = "In";
		};
		["Head"] = {
			cf = cfr(0,0,0,.626,-.776,.077,.774,.631,.054,-.09,.026,.996);
			es = "Constant";
			ed = "In";
		};
		["Left Leg"] = {
			cf = cfr(.479,.041,.39,.322,-.057,.945,.131,.991,.016,-.938,.119,.327);
			es = "Constant";
			ed = "In";
		};
		["Right Arm"] = {
			cf = cfr(-.287,-.264,.077,-.226,-.641,-.734,.936,.065,-.345,.269,-.765,.585);
			es = "Constant";
			ed = "In";
		};
		["Right Leg"] = {
			cf = cfr(.694,.201,-.117,.803,.336,.492,-.547,.742,.386,-.236,-.58,.78);
			es = "Constant";
			ed = "In";
		};
		["Left Arm"] = {
			cf = cfr(-1.107,-.438,.356,-.2,.98,.008,-.894,-.186,.406,.4,.074,.914);
			es = "Constant";
			ed = "In";
		};
	};
	{
		tm = .317;
		["Torso"] = {
			cf = cfr(0,-.01,-.19,.177,.984,.002,-.979,.175,.105,.103,-.02,.994);
			es = "Constant";
			ed = "In";
		};
		["Head"] = {
			cf = cfr(0,0,0,.571,-.812,.122,.815,.578,.028,-.094,.083,.992);
			es = "Constant";
			ed = "In";
		};
		["Left Leg"] = {
			cf = cfr(.761,-.011,.235,.085,-.055,.995,.162,.986,.04,-.983,.157,.093);
			es = "Constant";
			ed = "In";
		};
		["Right Arm"] = {
			cf = cfr(-.155,-.061,.029,-.238,-.565,-.79,.932,.095,-.349,.273,-.82,.504);
			es = "Constant";
			ed = "In";
		};
		["Right Leg"] = {
			cf = cfr(.896,.213,-.195,.777,.306,.549,-.566,.722,.399,-.274,-.621,.734);
			es = "Constant";
			ed = "In";
		};
		["Left Arm"] = {
			cf = cfr(-.915,-.326,.075,-.369,.874,-.317,-.887,-.228,.402,.279,.429,.859);
			es = "Constant";
			ed = "In";
		};
	};
	{
		tm = .35;
		["Torso"] = {
			cf = cfr(0,0,-.2,1,0,0,0,.94,.342,0,-.342,.94);
			es = "Constant";
			ed = "In";
		};
		["Head"] = {
			cf = cfr(0,0,0,.92,-.346,.187,.386,.883,-.268,-.072,.318,.945);
			es = "Constant";
			ed = "In";
		};
		["Left Leg"] = {
			cf = cfr(-.376,-.137,0,.643,-.766,0,.766,.643,0,0,0,1);
			es = "Constant";
			ed = "In";
		};
		["Right Arm"] = {
			cf = cfr(-.094,.034,0,.937,.338,-.09,-.27,.862,.429,.222,-.378,.899);
			es = "Constant";
			ed = "In";
		};
		["Right Leg"] = {
			cf = cfr(.889,.102,0,.819,.574,0,-.574,.819,0,0,0,1);
			es = "Constant";
			ed = "In";
		};
		["Left Arm"] = {
			cf = cfr(-.171,.47,0,.123,.928,.351,-.939,.223,-.262,-.321,-.298,.899);
			es = "Constant";
			ed = "In";
		};
	};
	{
		tm = .383;
		["Torso"] = {
			cf = cfr(0,0,.343,.99,-.122,-.066,.138,.809,.572,-.017,-.576,.818);
			es = "Constant";
			ed = "In";
		};
		["Head"] = {
			cf = cfr(0,0,0,.921,-.34,.191,.388,.855,-.345,-.046,.391,.919);
			es = "Constant";
			ed = "In";
		};
		["Left Leg"] = {
			cf = cfr(-.401,-.278,-.03,.669,-.741,.062,.743,.669,-.017,-.029,.057,.998);
			es = "Constant";
			ed = "In";
		};
		["Right Arm"] = {
			cf = cfr(-.221,-.013,.001,.763,.631,-.136,-.53,.733,.427,.369,-.254,.894);
			es = "Constant";
			ed = "In";
		};
		["Right Leg"] = {
			cf = cfr(.713,.233,.035,.977,-.2,-.069,.204,.977,.061,.055,-.074,.996);
			es = "Constant";
			ed = "In";
		};
		["Left Arm"] = {
			cf = cfr(-.107,.524,.12,-.137,.795,.59,-.925,.111,-.364,-.355,-.596,.72);
			es = "Constant";
			ed = "In";
		};
	};
	{
		tm = .417;
		["Torso"] = {
			cf = cfr(0,0,1.2,.985,-.133,-.112,.173,.695,.698,-.015,-.706,.708);
			es = "Constant";
			ed = "In";
		};
		["Head"] = {
			cf = cfr(0,0,0,.92,-.346,.187,.391,.852,-.349,-.038,.394,.918);
			es = "Constant";
			ed = "In";
		};
		["Left Leg"] = {
			cf = cfr(-.41,-.287,0,.687,-.712,.144,.722,.691,-.027,-.08,.123,.989);
			es = "Constant";
			ed = "In";
		};
		["Right Arm"] = {
			cf = cfr(-.43,-.097,0,.715,.682,-.158,-.587,.707,.395,.381,-.19,.905);
			es = "Constant";
			ed = "In";
		};
		["Right Leg"] = {
			cf = cfr(.452,.411,.097,.265,-.956,-.127,.961,.251,.117,-.08,-.153,.985);
			es = "Constant";
			ed = "In";
		};
		["Left Arm"] = {
			cf = cfr(-.076,.47,.2,-.304,.663,.684,-.93,-.051,-.364,-.207,-.746,.632);
			es = "Constant";
			ed = "In";
		};
	};
	{
		tm = .45;
		["Torso"] = {
			cf = cfr(0,0,1.44,.976,-.19,-.105,.205,.651,.73,-.07,-.735,.675);
			es = "Constant";
			ed = "In";
		};
		["Head"] = {
			cf = cfr(0,0,0,.916,-.348,.2,.395,.87,-.295,-.072,.349,.934);
			es = "Constant";
			ed = "In";
		};
		["Left Leg"] = {
			cf = cfr(-.443,-.112,.017,.67,-.732,.122,.733,.679,.047,-.118,.058,.991);
			es = "Constant";
			ed = "In";
		};
		["Right Arm"] = {
			cf = cfr(-.521,-.146,-.006,.704,.697,-.139,-.603,.689,.401,.375,-.198,.905);
			es = "Constant";
			ed = "In";
		};
		["Right Leg"] = {
			cf = cfr(.37,.4,.131,-.054,-.984,-.17,.987,-.078,.141,-.152,-.16,.975);
			es = "Constant";
			ed = "In";
		};
		["Left Arm"] = {
			cf = cfr(-.063,.403,.259,-.377,.663,.647,-.921,-.19,-.342,-.104,-.724,.681);
			es = "Constant";
			ed = "In";
		};
	};
	{
		tm = .483;
		["Torso"] = {
			cf = cfr(0,0,1.039,.96,-.272,-.071,.239,.659,.713,-.147,-.702,.697);
			es = "Constant";
			ed = "In";
		};
		["Head"] = {
			cf = cfr(0,0,0,.911,-.348,.222,.395,.891,-.223,-.12,.291,.949);
			es = "Constant";
			ed = "In";
		};
		["Left Leg"] = {
			cf = cfr(-.491,.16,.015,.643,-.766,.026,.753,.638,.162,-.141,-.084,.986);
			es = "Constant";
			ed = "In";
		};
		["Right Arm"] = {
			cf = cfr(-.518,-.163,-.011,.708,.7,-.09,-.601,.665,.444,.371,-.26,.891);
			es = "Constant";
			ed = "In";
		};
		["Right Leg"] = {
			cf = cfr(.43,.278,.139,.011,-.981,-.192,.985,-.022,.171,-.172,-.191,.966);
			es = "Constant";
			ed = "In";
		};
		["Left Arm"] = {
			cf = cfr(-.056,.321,.29,-.387,.744,.545,-.919,-.262,-.295,-.076,-.615,.785);
			es = "Constant";
			ed = "In";
		};
	};
	{
		tm = .517;
		["Torso"] = {
			cf = cfr(0,0,.2,.949,-.313,-.047,.258,.678,.688,-.184,-.665,.724);
			es = "Constant";
			ed = "In";
		};
		["Head"] = {
			cf = cfr(0,0,0,.908,-.348,.233,.393,.9,-.188,-.145,.262,.954);
			es = "Constant";
			ed = "In";
		};
		["Left Leg"] = {
			cf = cfr(-.536,.411,.006,.634,-.772,-.045,.761,.613,.212,-.136,-.169,.976);
			es = "Constant";
			ed = "In";
		};
		["Right Arm"] = {
			cf = cfr(-.499,-.169,-.01,.733,.679,-.031,-.575,.644,.504,.363,-.352,.863);
			es = "Constant";
			ed = "In";
		};
		["Right Leg"] = {
			cf = cfr(.519,.202,.139,.116,-.974,-.197,.979,.078,.19,-.17,-.215,.962);
			es = "Constant";
			ed = "In";
		};
		["Left Arm"] = {
			cf = cfr(-.04,.196,.275,-.356,.804,.477,-.932,-.27,-.24,-.064,-.53,.845);
			es = "Constant";
			ed = "In";
		};
	};
	{
		tm = .55;
		["Torso"] = {
			cf = cfr(0,0,-.5,1,0,0,0,.94,-.342,0,.342,.94);
			es = "Constant";
			ed = "In";
		};
		["Head"] = {
			cf = cfr(0,0,0,1,0,0,0,.866,-.5,0,.5,.866);
			es = "Constant";
			ed = "In";
		};
		["Left Leg"] = {
			cf = cfr(-.555,.521,0,1,0,0,0,1,0,0,0,1);
			es = "Constant";
			ed = "In";
		};
		["Right Arm"] = {
			cf = cfr(0,0,.2,.96,.044,-.277,.107,.855,.507,.259,-.516,.816);
			es = "Constant";
			ed = "In";
		};
		["Right Leg"] = {
			cf = cfr(.555,.521,0,1,0,0,0,1,0,0,0,1);
			es = "Constant";
			ed = "In";
		};
		["Left Arm"] = {
			cf = cfr(0,0,.2,.96,-.044,.277,-.107,.855,.507,-.259,-.516,.816);
			es = "Constant";
			ed = "In";
		};
	};
	{
		tm = .583;
		["Torso"] = {
			cf = cfr(0,0,.05,1,0,0,0,.992,-.13,0,.13,.992);
			es = "Constant";
			ed = "In";
		};
		["Head"] = {
			cf = cfr(0,0,0,1,0,0,0,.985,-.174,0,.174,.985);
			es = "Constant";
			ed = "In";
		};
		["Left Leg"] = {
			cf = cfr(-.432,.227,0,.996,-.087,0,.087,.996,0,0,0,1);
			es = "Constant";
			ed = "In";
		};
		["Right Arm"] = {
			cf = cfr(-.05,-.205,.111,.935,.133,-.328,.015,.91,.413,.354,-.392,.849);
			es = "Constant";
			ed = "In";
		};
		["Right Leg"] = {
			cf = cfr(.432,.227,0,.988,.152,0,-.152,.988,0,0,0,1);
			es = "Constant";
			ed = "In";
		};
		["Left Arm"] = {
			cf = cfr(.064,-.255,.072,.909,-.21,.361,.041,.905,.424,-.416,-.37,.831);
			es = "Constant";
			ed = "In";
		};
	};
	{
		tm = .617;
		["Torso"] = {
			cf = cfr(0,0,.6,1,0,0,0,.996,.087,0,-.087,.996);
			es = "Constant";
			ed = "In";
		};
		["Head"] = {
			cf = cfr(0,0,0,1,0,0,0,.985,.174,0,-.174,.985);
			es = "Constant";
			ed = "In";
		};
		["Left Leg"] = {
			cf = cfr(-.309,-.068,0,.985,-.174,0,.174,.985,0,0,0,1);
			es = "Constant";
			ed = "In";
		};
		["Right Arm"] = {
			cf = cfr(-.1,-.39,0,.896,.215,-.388,-.086,.943,.322,.435,-.255,.863);
			es = "Constant";
			ed = "In";
		};
		["Right Leg"] = {
			cf = cfr(.309,-.068,0,.985,.174,0,-.174,.985,0,0,0,1);
			es = "Constant";
			ed = "In";
		};
		["Left Arm"] = {
			cf = cfr(.1,-.39,0,.896,-.215,.388,.086,.943,.322,-.435,-.255,.863);
			es = "Constant";
			ed = "In";
		};
	};
	{
		tm = .65;
		["Torso"] = {
			cf = cfr(0,0,-.5,1,0,0,0,.94,-.342,0,.342,.94);
			es = "Constant";
			ed = "In";
		};
		["Head"] = {
			cf = cfr(0,0,0,1,0,0,0,.866,-.5,0,.5,.866);
			es = "Constant";
			ed = "In";
		};
		["Left Leg"] = {
			cf = cfr(-.555,.521,0,1,0,0,0,1,0,0,0,1);
			es = "Constant";
			ed = "In";
		};
		["Right Arm"] = {
			cf = cfr(0,0,.2,.96,.044,-.277,.107,.855,.507,.259,-.516,.816);
			es = "Constant";
			ed = "In";
		};
		["Right Leg"] = {
			cf = cfr(.555,.521,0,1,0,0,0,1,0,0,0,1);
			es = "Constant";
			ed = "In";
		};
		["Left Arm"] = {
			cf = cfr(0,0,.2,.96,-.044,.277,-.107,.855,.507,-.259,-.516,.816);
			es = "Constant";
			ed = "In";
		};
	};
	{
		tm = .683;
		["Torso"] = {
			cf = cfr(0,0,.05,1,0,0,0,.991,-.131,0,.131,.991);
			es = "Constant";
			ed = "In";
		};
		["Head"] = {
			cf = cfr(0,0,0,1,0,0,0,.985,-.174,0,.174,.985);
			es = "Constant";
			ed = "In";
		};
		["Left Leg"] = {
			cf = cfr(-.432,.227,0,.996,-.087,0,.087,.996,0,0,0,1);
			es = "Constant";
			ed = "In";
		};
		["Right Arm"] = {
			cf = cfr(-.05,-.195,.1,.935,.134,-.329,.015,.91,.415,.355,-.393,.848);
			es = "Constant";
			ed = "In";
		};
		["Right Leg"] = {
			cf = cfr(.432,.227,0,.996,.087,0,-.087,.996,0,0,0,1);
			es = "Constant";
			ed = "In";
		};
		["Left Arm"] = {
			cf = cfr(.05,-.195,.1,.935,-.134,.329,-.015,.91,.415,-.355,-.393,.848);
			es = "Constant";
			ed = "In";
		};
	};
	{
		tm = .717;
		["Torso"] = {
			cf = cfr(0,0,.6,1,0,0,0,.996,.087,0,-.087,.996);
			es = "Constant";
			ed = "In";
		};
		["Head"] = {
			cf = cfr(0,0,0,1,0,0,0,.985,.174,0,-.174,.985);
			es = "Constant";
			ed = "In";
		};
		["Left Leg"] = {
			cf = cfr(-.309,-.068,0,.985,-.174,0,.174,.985,0,0,0,1);
			es = "Constant";
			ed = "In";
		};
		["Right Arm"] = {
			cf = cfr(-.1,-.39,0,.896,.215,-.388,-.086,.943,.322,.435,-.255,.863);
			es = "Constant";
			ed = "In";
		};
		["Right Leg"] = {
			cf = cfr(.309,-.068,0,.985,.174,0,-.174,.985,0,0,0,1);
			es = "Constant";
			ed = "In";
		};
		["Left Arm"] = {
			cf = cfr(.1,-.39,0,.896,-.215,.388,.086,.943,.322,-.435,-.255,.863);
			es = "Constant";
			ed = "In";
		};
	};
	{
		tm = .767;
		["Torso"] = {
			cf = cfr(0,0,-.5,1,0,0,0,.94,-.342,0,.342,.94);
			es = "Constant";
			ed = "In";
		};
		["Head"] = {
			cf = cfr(0,0,0,1,0,0,0,.866,-.5,0,.5,.866);
			es = "Constant";
			ed = "In";
		};
		["Left Leg"] = {
			cf = cfr(-.555,.521,0,1,0,0,0,1,0,0,0,1);
			es = "Constant";
			ed = "In";
		};
		["Right Arm"] = {
			cf = cfr(0,0,.2,.96,.044,-.277,.107,.855,.507,.259,-.516,.816);
			es = "Constant";
			ed = "In";
		};
		["Right Leg"] = {
			cf = cfr(.555,.521,0,1,0,0,0,1,0,0,0,1);
			es = "Constant";
			ed = "In";
		};
		["Left Arm"] = {
			cf = cfr(0,0,.2,.96,-.044,.277,-.107,.855,.507,-.259,-.516,.816);
			es = "Constant";
			ed = "In";
		};
	};
	{
		tm = .8;
		["Torso"] = {
			cf = cfr(0,0,.05,1,0,0,0,.991,-.131,0,.131,.991);
			es = "Constant";
			ed = "In";
		};
		["Head"] = {
			cf = cfr(0,0,0,1,0,0,0,.985,-.174,0,.174,.985);
			es = "Constant";
			ed = "In";
		};
		["Left Leg"] = {
			cf = cfr(-.432,.227,0,.997,-.074,-.026,.074,.997,-.006,.026,.004,1);
			es = "Constant";
			ed = "In";
		};
		["Right Arm"] = {
			cf = cfr(-.05,-.195,.1,.935,.134,-.329,.015,.91,.415,.355,-.393,.848);
			es = "Constant";
			ed = "In";
		};
		["Right Leg"] = {
			cf = cfr(.432,.227,0,.997,.074,.026,-.074,.997,-.006,-.026,.004,1);
			es = "Constant";
			ed = "In";
		};
		["Left Arm"] = {
			cf = cfr(.05,-.195,.1,.935,-.134,.329,-.015,.91,.415,-.355,-.393,.848);
			es = "Constant";
			ed = "In";
		};
	};
	{
		tm = .833;
		["Torso"] = {
			cf = cfr(0,0,.6,1,0,0,0,.996,.087,0,-.087,.996);
			es = "Constant";
			ed = "In";
		};
		["Head"] = {
			cf = cfr(0,0,0,1,0,0,0,.985,.174,0,-.174,.985);
			es = "Constant";
			ed = "In";
		};
		["Left Leg"] = {
			cf = cfr(-.309,-.068,0,.985,-.174,.001,.174,.985,-.015,.001,.015,1);
			es = "Constant";
			ed = "In";
		};
		["Right Arm"] = {
			cf = cfr(-.1,-.39,0,.896,.215,-.388,-.086,.943,.322,.435,-.255,.863);
			es = "Constant";
			ed = "In";
		};
		["Right Leg"] = {
			cf = cfr(.309,-.068,0,.985,.174,-.001,-.174,.985,-.015,-.001,.015,1);
			es = "Constant";
			ed = "In";
		};
		["Left Arm"] = {
			cf = cfr(.1,-.39,0,.896,-.215,.388,.086,.943,.322,-.435,-.255,.863);
			es = "Constant";
			ed = "In";
		};
	};
	{
		tm = .867;
		["Torso"] = {
			cf = cfr(0,0,-.5,1,0,0,0,.94,-.342,0,.342,.94);
			es = "Constant";
			ed = "In";
		};
		["Head"] = {
			cf = cfr(0,0,0,1,0,0,0,.866,-.5,0,.5,.866);
			es = "Constant";
			ed = "In";
		};
		["Left Leg"] = {
			cf = cfr(-.521,.615,.1,.958,.099,.27,-.094,.995,-.033,-.272,.006,.962);
			es = "Constant";
			ed = "In";
		};
		["Right Arm"] = {
			cf = cfr(0,0,.2,.895,.194,-.402,.286,.443,.85,.343,-.875,.341);
			es = "Constant";
			ed = "In";
		};
		["Right Leg"] = {
			cf = cfr(.521,.615,.1,.958,-.099,-.27,.094,.995,-.033,.272,.006,.962);
			es = "Constant";
			ed = "In";
		};
		["Left Arm"] = {
			cf = cfr(0,0,.2,.895,-.194,.402,-.286,.443,.85,-.343,-.875,.341);
			es = "Constant";
			ed = "In";
		};
	};
	{
		tm = .9;
		["Torso"] = {
			cf = cfr(0,0,-.472,1,0,0,0,.949,-.316,0,.316,.949);
			es = "Constant";
			ed = "In";
		};
		["Head"] = {
			cf = cfr(0,0,0,1,0,0,0,.898,-.44,0,.44,.898);
			es = "Constant";
			ed = "In";
		};
		["Left Leg"] = {
			cf = cfr(-.483,.561,.1,.963,.111,.247,-.106,.994,-.031,-.249,.004,.969);
			es = "Constant";
			ed = "In";
		};
		["Right Arm"] = {
			cf = cfr(-.003,.057,.257,.886,.218,-.409,.335,.308,.89,.32,-.926,.2);
			es = "Constant";
			ed = "In";
		};
		["Right Leg"] = {
			cf = cfr(.483,.561,.1,.962,-.103,-.253,.101,.995,-.022,.254,-.004,.967);
			es = "Constant";
			ed = "In";
		};
		["Left Arm"] = {
			cf = cfr(.003,.057,.257,.886,-.218,.409,-.335,.308,.89,-.32,-.926,.2);
			es = "Constant";
			ed = "In";
		};
	};
	{
		tm = .933;
		["Torso"] = {
			cf = cfr(0,0,-.409,1,0,0,0,.966,-.259,0,.259,.966);
			es = "Constant";
			ed = "In";
		};
		["Head"] = {
			cf = cfr(0,0,0,1,0,0,0,.954,-.301,0,.301,.954);
			es = "Constant";
			ed = "In";
		};
		["Left Leg"] = {
			cf = cfr(-.399,.442,.1,.972,.136,.19,-.134,.991,-.022,-.191,-.004,.982);
			es = "Constant";
			ed = "In";
		};
		["Right Arm"] = {
			cf = cfr(-.009,.086,.287,.882,.232,-.411,.359,.237,.903,.307,-.943,.126);
			es = "Constant";
			ed = "In";
		};
		["Right Leg"] = {
			cf = cfr(.399,.442,.1,.972,-.107,-.211,.11,.994,.004,.209,-.027,.978);
			es = "Constant";
			ed = "In";
		};
		["Left Arm"] = {
			cf = cfr(.009,.086,.287,.882,-.232,.411,-.359,.237,.903,-.307,-.943,.126);
			es = "Constant";
			ed = "In";
		};
	};
	{
		tm = .967;
		["Torso"] = {
			cf = cfr(0,0,-.341,1,0,0,0,.98,-.2,0,.2,.98);
			es = "Constant";
			ed = "In";
		};
		["Head"] = {
			cf = cfr(0,0,0,1,0,0,0,.988,-.155,0,.155,.988);
			es = "Constant";
			ed = "In";
		};
		["Left Leg"] = {
			cf = cfr(-.316,.322,.1,.979,.163,.12,-.164,.986,-.001,-.118,-.019,.993);
			es = "Constant";
			ed = "In";
		};
		["Right Arm"] = {
			cf = cfr(-.015,.097,.298,.88,.237,-.412,.367,.21,.906,.301,-.948,.098);
			es = "Constant";
			ed = "In";
		};
		["Right Leg"] = {
			cf = cfr(.316,.322,.1,.983,-.1,-.152,.107,.994,.038,.147,-.054,.988);
			es = "Constant";
			ed = "In";
		};
		["Left Arm"] = {
			cf = cfr(.015,.097,.298,.88,-.237,.412,-.367,.21,.906,-.301,-.948,.098);
			es = "Constant";
			ed = "In";
		};
	};
	{
		tm = 1;
		["Torso"] = {
			cf = cfr(0,0,-.3,1,0,0,0,.985,-.174,0,.174,.985);
			es = "Constant";
			ed = "In";
		};
		["Head"] = {
			cf = cfr(0,0,0,1,0,0,0,.996,-.087,0,.087,.996);
			es = "Constant";
			ed = "In";
		};
		["Left Leg"] = {
			cf = cfr(-.278,.268,.1,.982,.18,.06,-.182,.983,.034,-.053,-.044,.998);
			es = "Constant";
			ed = "In";
		};
		["Right Arm"] = {
			cf = cfr(-.017,.098,.3,.88,.236,-.412,.369,.206,.906,.298,-.95,.095);
			es = "Constant";
			ed = "In";
		};
		["Right Leg"] = {
			cf = cfr(.278,.268,.1,.994,-.068,-.088,.075,.995,.068,.083,-.074,.994);
			es = "Constant";
			ed = "In";
		};
		["Left Arm"] = {
			cf = cfr(.017,.098,.3,.88,-.236,.412,-.369,.206,.906,-.298,-.95,.095);
			es = "Constant";
			ed = "In";
		};
	};
	{
		tm = 1.033;
		["Torso"] = {
			cf = cfr(0,0,-.2,1,0,0,0,.94,-.342,0,.342,.94);
			es = "Constant";
			ed = "In";
		};
		["Head"] = {
			cf = cfr(0,0,0,1,0,0,0,.866,-.5,0,.5,.866);
			es = "Constant";
			ed = "In";
		};
		["Left Leg"] = {
			cf = cfr(-.555,.521,0,.985,.172,.03,-.174,.981,.082,-.015,-.086,.996);
			es = "Constant";
			ed = "In";
		};
		["Right Arm"] = {
			cf = cfr(0,0,.2,.96,.044,-.277,.107,.855,.507,.259,-.516,.816);
			es = "Constant";
			ed = "In";
		};
		["Right Leg"] = {
			cf = cfr(.589,.427,0,1,.001,-.03,.001,.997,.082,.03,-.082,.996);
			es = "Constant";
			ed = "In";
		};
		["Left Arm"] = {
			cf = cfr(0,0,.2,.96,-.044,.277,-.107,.855,.507,-.259,-.516,.816);
			es = "Constant";
			ed = "In";
		};
	};
	{
		tm = 1.067;
		["Torso"] = {
			cf = cfr(0,0,.274,.998,-.058,.004,.058,.99,-.13,.004,.13,.991);
			es = "Constant";
			ed = "In";
		};
		["Head"] = {
			cf = cfr(0,0,0,.999,.038,-.004,-.038,.979,-.199,-.004,.199,.98);
			es = "Constant";
			ed = "In";
		};
		["Left Leg"] = {
			cf = cfr(-.432,.227,0,.999,-.051,.016,.048,.989,.14,-.023,-.139,.99);
			es = "Constant";
			ed = "In";
		};
		["Right Arm"] = {
			cf = cfr(-.012,-.238,.057,.936,.126,-.327,-.01,.942,.335,.351,-.31,.883);
			es = "Constant";
			ed = "In";
		};
		["Right Leg"] = {
			cf = cfr(.558,.398,.022,.995,.102,.018,-.103,.992,.073,-.01,-.074,.997);
			es = "Constant";
			ed = "In";
		};
		["Left Arm"] = {
			cf = cfr(.05,-.238,.057,.937,-.132,.325,.004,.93,.368,-.35,-.344,.871);
			es = "Constant";
			ed = "In";
		};
	};
	{
		tm = 1.1;
		["Torso"] = {
			cf = cfr(0,0,.6,.978,-.21,-.009,.21,.974,.086,-.009,-.086,.996);
			es = "Constant";
			ed = "In";
		};
		["Head"] = {
			cf = cfr(0,0,0,.988,.151,.013,-.151,.973,.173,.013,-.173,.985);
			es = "Constant";
			ed = "In";
		};
		["Left Leg"] = {
			cf = cfr(-.309,-.068,0,.966,-.26,0,.256,.952,.168,-.044,-.162,.986);
			es = "Constant";
			ed = "In";
		};
		["Right Arm"] = {
			cf = cfr(-.1,-.39,0,.896,.215,-.388,-.086,.943,.322,.435,-.255,.863);
			es = "Constant";
			ed = "In";
		};
		["Right Leg"] = {
			cf = cfr(.335,.231,.1,.985,.174,.004,-.174,.984,.041,.004,-.041,.999);
			es = "Constant";
			ed = "In";
		};
		["Left Arm"] = {
			cf = cfr(.1,-.39,0,.896,-.215,.388,.086,.943,.322,-.435,-.255,.863);
			es = "Constant";
			ed = "In";
		};
	};
	{
		tm = 1.133;
		["Torso"] = {
			cf = cfr(0,0,0,.907,-.418,.056,.418,.873,-.251,.056,.251,.966);
			es = "Constant";
			ed = "In";
		};
		["Head"] = {
			cf = cfr(0,0,0,.94,.34,.036,-.34,.918,.204,.036,-.204,.978);
			es = "Constant";
			ed = "In";
		};
		["Left Leg"] = {
			cf = cfr(-.895,.14,-.2,.977,.14,-.159,-.133,.989,.058,.165,-.035,.986);
			es = "Constant";
			ed = "In";
		};
		["Right Arm"] = {
			cf = cfr(-.363,-.096,-.035,-.005,-.658,-.753,.939,-.262,.223,-.344,-.706,.62);
			es = "Constant";
			ed = "In";
		};
		["Right Leg"] = {
			cf = cfr(-.233,-.158,.103,.657,.442,-.61,-.461,.877,.139,.596,.19,.78);
			es = "Constant";
			ed = "In";
		};
		["Left Arm"] = {
			cf = cfr(0,0,0,.893,.439,.101,-.449,.883,.137,-.029,-.168,.985);
			es = "Constant";
			ed = "In";
		};
	};
	{
		tm = 1.167;
		["Torso"] = {
			cf = cfr(.022,0,-.166,.769,-.616,.168,.613,.639,-.465,.179,.461,.869);
			es = "Constant";
			ed = "In";
		};
		["Head"] = {
			cf = cfr(0,0,0,.823,.565,.05,-.561,.799,.218,.083,-.207,.975);
			es = "Constant";
			ed = "In";
		};
		["Left Leg"] = {
			cf = cfr(-1.295,.45,-.463,.79,.379,-.481,-.385,.918,.092,.477,.113,.872);
			es = "Constant";
			ed = "In";
		};
		["Right Arm"] = {
			cf = cfr(-.115,.286,.41,-.024,-.633,-.774,.941,-.274,.196,-.336,-.724,.602);
			es = "Constant";
			ed = "In";
		};
		["Right Leg"] = {
			cf = cfr(-.565,-.246,.039,.457,.293,-.84,-.422,.903,.086,.783,.315,.536);
			es = "Constant";
			ed = "In";
		};
		["Left Arm"] = {
			cf = cfr(-.009,-.041,.008,.976,.216,-.021,-.203,.942,.269,.078,-.258,.963);
			es = "Constant";
			ed = "In";
		};
	};
	{
		tm = 1.2;
		["Torso"] = {
			cf = cfr(.1,0,-.2,.587,-.768,.257,.764,.42,-.491,.269,.484,.833);
			es = "Constant";
			ed = "In";
		};
		["Head"] = {
			cf = cfr(0,0,0,.741,.67,.044,-.657,.71,.253,.139,-.217,.966);
			es = "Constant";
			ed = "In";
		};
		["Left Leg"] = {
			cf = cfr(-1.362,.721,-.738,.573,.476,-.667,-.482,.854,.196,.663,.209,.719);
			es = "Constant";
			ed = "In";
		};
		["Right Arm"] = {
			cf = cfr(.335,.503,.628,-.077,-.738,-.67,.938,-.282,.202,-.338,-.613,.714);
			es = "Constant";
			ed = "In";
		};
		["Right Leg"] = {
			cf = cfr(-.678,-.249,-.043,.364,.003,-.931,-.268,.958,-.101,.892,.287,.35);
			es = "Constant";
			ed = "In";
		};
		["Left Arm"] = {
			cf = cfr(-.006,-.132,.049,.964,-.124,-.237,.215,.885,.413,.158,-.449,.88);
			es = "Constant";
			ed = "In";
		};
	};
	{
		tm = 1.233;
		["Torso"] = {
			cf = cfr(.228,0,-.259,.433,-.834,.342,.842,.239,-.484,.321,.498,.806);
			es = "Constant";
			ed = "In";
		};
		["Head"] = {
			cf = cfr(0,0,0,.746,.665,.035,-.643,.706,.297,.173,-.244,.954);
			es = "Constant";
			ed = "In";
		};
		["Left Leg"] = {
			cf = cfr(-1.41,.908,-1.05,.483,.515,-.708,-.467,.836,.29,.741,.19,.644);
			es = "Constant";
			ed = "In";
		};
		["Right Arm"] = {
			cf = cfr(.626,.255,.158,-.309,-.951,.02,.847,-.265,.461,-.433,.159,.887);
			es = "Constant";
			ed = "In";
		};
		["Right Leg"] = {
			cf = cfr(-.79,-.31,-.212,.273,-.122,-.954,-.236,.953,-.189,.933,.277,.232);
			es = "Constant";
			ed = "In";
		};
		["Left Arm"] = {
			cf = cfr(.013,-.22,.139,.942,-.219,-.256,.321,.813,.485,.102,-.539,.836);
			es = "Constant";
			ed = "In";
		};
	};
	{
		tm = 1.283;
		["Torso"] = {
			cf = cfr(.3,0,-.3,.373,-.845,.384,.863,.164,-.478,.341,.51,.79);
			es = "Constant";
			ed = "In";
		};
		["Head"] = {
			cf = cfr(0,0,0,.775,.631,.027,-.605,.73,.319,.182,-.264,.947);
			es = "Constant";
			ed = "In";
		};
		["Left Leg"] = {
			cf = cfr(-1.442,.978,-1.207,.486,.463,-.741,-.372,.877,.305,.791,.128,.598);
			es = "Constant";
			ed = "In";
		};
		["Right Arm"] = {
			cf = cfr(.714,.023,-.237,-.446,-.699,.559,.739,.066,.671,-.505,.712,.487);
			es = "Constant";
			ed = "In";
		};
		["Right Leg"] = {
			cf = cfr(-.853,-.358,-.315,.233,-.137,-.963,-.255,.947,-.196,.939,.291,.186);
			es = "Constant";
			ed = "In";
		};
		["Left Arm"] = {
			cf = cfr(.026,-.228,.222,.954,-.213,-.21,.293,.799,.524,.056,-.562,.825);
			es = "Constant";
			ed = "In";
		};
	};
	{
		tm = 1.317;
		["Torso"] = {
			cf = cfr(0,0,-.2,1,0,0,0,.94,.342,0,-.342,.94);
			es = "Constant";
			ed = "In";
		};
		["Head"] = {
			cf = cfr(0,0,0,.92,-.346,.187,.386,.883,-.268,-.072,.318,.945);
			es = "Constant";
			ed = "In";
		};
		["Left Leg"] = {
			cf = cfr(-.376,-.137,0,.643,-.766,0,.766,.643,0,0,0,1);
			es = "Constant";
			ed = "In";
		};
		["Right Arm"] = {
			cf = cfr(-.094,.034,0,.937,.338,-.09,-.27,.862,.429,.222,-.378,.899);
			es = "Constant";
			ed = "In";
		};
		["Right Leg"] = {
			cf = cfr(.889,.102,0,.819,.574,0,-.574,.819,0,0,0,1);
			es = "Constant";
			ed = "In";
		};
		["Left Arm"] = {
			cf = cfr(-.171,.47,0,.123,.928,.351,-.939,.223,-.262,-.321,-.298,.899);
			es = "Constant";
			ed = "In";
		};
	};
	{
		tm = 1.35;
		["Torso"] = {
			cf = cfr(0,-.022,.461,.998,-.04,-.053,.065,.757,.65,.014,-.652,.758);
			es = "Constant";
			ed = "In";
		};
		["Head"] = {
			cf = cfr(0,0,0,.92,-.343,.191,.39,.854,-.344,-.045,.391,.919);
			es = "Constant";
			ed = "In";
		};
		["Left Leg"] = {
			cf = cfr(-.397,-.284,0,.655,-.748,.106,.754,.656,-.03,-.047,.099,.994);
			es = "Constant";
			ed = "In";
		};
		["Right Arm"] = {
			cf = cfr(-.384,-.045,.032,.765,.628,-.143,-.526,.737,.424,.372,-.249,.894);
			es = "Constant";
			ed = "In";
		};
		["Right Leg"] = {
			cf = cfr(.716,.364,.101,.911,-.291,.292,.238,.95,.202,-.336,-.114,.935);
			es = "Constant";
			ed = "In";
		};
		["Left Arm"] = {
			cf = cfr(-.171,.531,.131,-.261,.803,.536,-.909,-.018,-.416,-.324,-.596,.734);
			es = "Constant";
			ed = "In";
		};
	};
	{
		tm = 1.383;
		["Torso"] = {
			cf = cfr(0,-.078,1.2,.985,-.133,-.112,.173,.695,.698,-.015,-.706,.708);
			es = "Constant";
			ed = "In";
		};
		["Head"] = {
			cf = cfr(0,0,0,.92,-.346,.187,.391,.852,-.349,-.038,.394,.918);
			es = "Constant";
			ed = "In";
		};
		["Left Leg"] = {
			cf = cfr(-.41,-.287,0,.687,-.712,.144,.722,.691,-.027,-.08,.123,.989);
			es = "Constant";
			ed = "In";
		};
		["Right Arm"] = {
			cf = cfr(-.43,-.097,0,.715,.682,-.158,-.587,.707,.395,.381,-.19,.905);
			es = "Constant";
			ed = "In";
		};
		["Right Leg"] = {
			cf = cfr(.452,.411,.097,.265,-.956,-.127,.961,.251,.117,-.08,-.153,.985);
			es = "Constant";
			ed = "In";
		};
		["Left Arm"] = {
			cf = cfr(-.171,.47,.2,-.304,.663,.684,-.93,-.051,-.364,-.207,-.746,.632);
			es = "Constant";
			ed = "In";
		};
	};
	{
		tm = 1.417;
		["Torso"] = {
			cf = cfr(0,-.15,1.271,.968,-.224,-.114,.239,.678,.695,-.078,-.7,.71);
			es = "Constant";
			ed = "In";
		};
		["Head"] = {
			cf = cfr(0,0,0,.916,-.347,.2,.394,.871,-.295,-.072,.349,.934);
			es = "Constant";
			ed = "In";
		};
		["Left Leg"] = {
			cf = cfr(-.356,-.168,0,.677,-.726,.119,.73,.683,.02,-.096,.073,.993);
			es = "Constant";
			ed = "In";
		};
		["Right Arm"] = {
			cf = cfr(-.454,-.135,-.017,.705,.698,-.126,-.598,.68,.424,.382,-.224,.897);
			es = "Constant";
			ed = "In";
		};
		["Right Leg"] = {
			cf = cfr(.388,.39,.126,-.048,-.974,-.22,.999,-.051,.008,-.019,-.219,.975);
			es = "Constant";
			ed = "In";
		};
		["Left Arm"] = {
			cf = cfr(-.17,.361,.183,-.324,.671,.667,-.938,-.135,-.319,-.124,-.729,.673);
			es = "Constant";
			ed = "In";
		};
	};
	{
		tm = 1.45;
		["Torso"] = {
			cf = cfr(0,-.222,.817,.955,-.288,-.073,.257,.677,.69,-.15,-.677,.72);
			es = "Constant";
			ed = "In";
		};
		["Head"] = {
			cf = cfr(0,0,0,.911,-.347,.222,.394,.891,-.223,-.12,.291,.949);
			es = "Constant";
			ed = "In";
		};
		["Left Leg"] = {
			cf = cfr(-.261,.018,0,.645,-.763,.04,.756,.644,.117,-.115,-.046,.992);
			es = "Constant";
			ed = "In";
		};
		["Right Arm"] = {
			cf = cfr(-.484,-.16,-.014,.711,.699,-.072,-.59,.65,.48,.382,-.299,.874);
			es = "Constant";
			ed = "In";
		};
		["Right Leg"] = {
			cf = cfr(.461,.323,.162,.012,-.98,-.2,.997,-.004,.082,-.081,-.2,.976);
			es = "Constant";
			ed = "In";
		};
		["Left Arm"] = {
			cf = cfr(-.169,.245,.112,-.36,.749,.556,-.929,-.234,-.286,-.085,-.62,.78);
			es = "Constant";
			ed = "In";
		};
	};
	{
		tm = 1.483;
		["Torso"] = {
			cf = cfr(0,-.278,.2,.949,-.313,-.047,.258,.678,.688,-.184,-.665,.724);
			es = "Constant";
			ed = "In";
		};
		["Head"] = {
			cf = cfr(0,0,0,.908,-.348,.233,.393,.9,-.188,-.145,.262,.954);
			es = "Constant";
			ed = "In";
		};
		["Left Leg"] = {
			cf = cfr(-.171,.207,0,.634,-.772,-.045,.761,.613,.212,-.136,-.169,.976);
			es = "Constant";
			ed = "In";
		};
		["Right Arm"] = {
			cf = cfr(-.499,-.169,-.01,.733,.679,-.031,-.575,.644,.504,.363,-.352,.863);
			es = "Constant";
			ed = "In";
		};
		["Right Leg"] = {
			cf = cfr(.519,.202,.139,.116,-.974,-.197,.979,.078,.19,-.17,-.215,.962);
			es = "Constant";
			ed = "In";
		};
		["Left Arm"] = {
			cf = cfr(-.167,.153,.036,-.356,.804,.477,-.932,-.27,-.24,-.064,-.53,.845);
			es = "Constant";
			ed = "In";
		};
	};
	{
		tm = 1.517;
		["Torso"] = {
			cf = cfr(0,-.3,-.3,1,0,0,0,.574,.819,0,-.819,.574);
			es = "Constant";
			ed = "In";
		};
		["Head"] = {
			cf = cfr(0,0,0,.912,-.33,.245,.383,.468,-.796,.149,.82,.553);
			es = "Constant";
			ed = "In";
		};
		["Left Leg"] = {
			cf = cfr(-.131,.336,0,.976,.057,.208,-.114,.956,.271,-.184,-.288,.94);
			es = "Constant";
			ed = "In";
		};
		["Right Arm"] = {
			cf = cfr(.164,.115,0,.645,-.76,.079,.647,.599,.472,-.406,-.254,.878);
			es = "Constant";
			ed = "In";
		};
		["Right Leg"] = {
			cf = cfr(.082,.057,0,.975,.187,.119,-.216,.918,.331,-.048,-.349,.936);
			es = "Constant";
			ed = "In";
		};
		["Left Arm"] = {
			cf = cfr(-.164,.115,0,.653,.62,.435,-.744,.634,.212,-.144,-.461,.875);
			es = "Constant";
			ed = "In";
		};
	};
	{
		tm = 1.55;
		["Torso"] = {
			cf = cfr(0,-.03,-.72,1,0,0,0,.406,.914,0,-.914,.406);
			es = "Constant";
			ed = "In";
		};
		["Head"] = {
			cf = cfr(0,0,0,.911,-.331,.245,.407,.815,-.413,-.063,.476,.877);
			es = "Constant";
			ed = "In";
		};
		["Left Leg"] = {
			cf = cfr(-.228,.381,0,.983,-.033,.182,-.024,.954,.3,-.183,-.299,.936);
			es = "Constant";
			ed = "In";
		};
		["Right Arm"] = {
			cf = cfr(.168,.163,.049,.371,-.916,-.154,.87,.284,.404,-.326,-.284,.902);
			es = "Constant";
			ed = "In";
		};
		["Right Leg"] = {
			cf = cfr(.157,.087,-.008,.902,.387,.19,-.429,.853,.298,-.047,-.351,.935);
			es = "Constant";
			ed = "In";
		};
		["Left Arm"] = {
			cf = cfr(-.155,.163,0,.399,.782,.478,-.905,.418,.071,-.144,-.461,.875);
			es = "Constant";
			ed = "In";
		};
	};
	{
		tm = 1.583;
		["Torso"] = {
			cf = cfr(0,.5,-1.1,1,0,0,0,.259,.966,0,-.966,.259);
			es = "Constant";
			ed = "In";
		};
		["Head"] = {
			cf = cfr(0,0,0,.912,-.33,.245,.297,.941,.165,-.285,-.078,.956);
			es = "Constant";
			ed = "In";
		};
		["Left Leg"] = {
			cf = cfr(-.324,.388,0,.973,-.192,.131,.143,.938,.316,-.184,-.288,.94);
			es = "Constant";
			ed = "In";
		};
		["Right Arm"] = {
			cf = cfr(.171,.193,.078,.268,-.933,-.242,.892,.145,.429,-.365,-.33,.871);
			es = "Constant";
			ed = "In";
		};
		["Right Leg"] = {
			cf = cfr(.275,.109,0,.886,.418,.201,-.461,.839,.289,-.048,-.349,.936);
			es = "Constant";
			ed = "In";
		};
		["Left Arm"] = {
			cf = cfr(-.138,.211,0,.108,.872,.477,-.984,.164,-.076,-.144,-.461,.875);
			es = "Constant";
			ed = "In";
		};
	};
	{
		tm = 1.617;
		["Torso"] = {
			cf = cfr(0,.939,-1.444,1,0,0,0,.072,.997,0,-.997,.072);
			es = "Constant";
			ed = "In";
		};
		["Head"] = {
			cf = cfr(0,0,0,.911,-.334,.243,.264,.923,.28,-.318,-.191,.929);
			es = "Constant";
			ed = "In";
		};
		["Left Leg"] = {
			cf = cfr(-.296,.364,0,.95,-.296,.095,.252,.912,.324,-.183,-.284,.941);
			es = "Constant";
			ed = "In";
		};
		["Right Arm"] = {
			cf = cfr(.172,.208,.093,.205,-.927,-.313,.902,.055,.428,-.379,-.37,.848);
			es = "Constant";
			ed = "In";
		};
		["Right Leg"] = {
			cf = cfr(.317,.107,0,.897,.393,.201,-.438,.849,.296,-.055,-.353,.934);
			es = "Constant";
			ed = "In";
		};
		["Left Arm"] = {
			cf = cfr(-.118,.191,.02,.119,.863,.492,-.984,.169,-.059,-.134,-.477,.869);
			es = "Constant";
			ed = "In";
		};
	};
	{
		tm = 1.65;
		["Torso"] = {
			cf = cfr(0,1.208,-1.7,1,0,0,0,-.1,.995,0,-.995,-.1);
			es = "Constant";
			ed = "In";
		};
		["Head"] = {
			cf = cfr(0,0,0,.909,-.34,.242,.255,.912,.323,-.33,-.232,.915);
			es = "Constant";
			ed = "In";
		};
		["Left Leg"] = {
			cf = cfr(-.244,.32,0,.936,-.342,.078,.299,.895,.331,-.183,-.286,.94);
			es = "Constant";
			ed = "In";
		};
		["Right Arm"] = {
			cf = cfr(.172,.214,.099,.158,-.917,-.367,.917,-.001,.398,-.366,-.399,.841);
			es = "Constant";
			ed = "In";
		};
		["Right Leg"] = {
			cf = cfr(.324,.103,0,.937,.3,.178,-.343,.884,.316,-.063,-.357,.932);
			es = "Constant";
			ed = "In";
		};
		["Left Arm"] = {
			cf = cfr(-.092,.139,.071,.181,.822,.54,-.976,.218,-.005,-.122,-.526,.842);
			es = "Constant";
			ed = "In";
		};
	};
	{
		tm = 1.683;
		["Torso"] = {
			cf = cfr(0,1.3,-1.8,1,0,0,0,-.174,.985,0,-.985,-.174);
			es = "Constant";
			ed = "In";
		};
		["Head"] = {
			cf = cfr(0,0,0,.912,-.33,.245,.243,.913,.328,-.332,-.24,.912);
			es = "Constant";
			ed = "In";
		};
		["Left Leg"] = {
			cf = cfr(-.216,.297,0,.933,-.352,.074,.31,.89,.334,-.184,-.288,.94);
			es = "Constant";
			ed = "In";
		};
		["Right Arm"] = {
			cf = cfr(.173,.214,.1,.14,-.911,-.387,.925,-.019,.38,-.354,-.411,.84);
			es = "Constant";
			ed = "In";
		};
		["Right Leg"] = {
			cf = cfr(.375,.1,0,.99,.106,.09,-.13,.931,.34,-.048,-.349,.936);
			es = "Constant";
			ed = "In";
		};
		["Left Arm"] = {
			cf = cfr(-.054,.07,.136,.335,.712,.617,-.931,.352,.1,-.146,-.608,.781);
			es = "Constant";
			ed = "In";
		};
	};
	{
		tm = 1.717;
		["Torso"] = {
			cf = cfr(0,0,-.9,1,0,0,0,.94,-.342,0,.342,.94);
			es = "Constant";
			ed = "In";
		};
		["Head"] = {
			cf = cfr(0,0,0,1,0,0,0,.866,-.5,0,.5,.866);
			es = "Constant";
			ed = "In";
		};
		["Left Leg"] = {
			cf = cfr(-.478,1.025,0,.996,.087,0,-.087,.996,0,0,0,1);
			es = "Constant";
			ed = "In";
		};
		["Right Arm"] = {
			cf = cfr(0,0,.2,.96,.044,-.277,.107,.855,.507,.259,-.516,.816);
			es = "Constant";
			ed = "In";
		};
		["Right Leg"] = {
			cf = cfr(.478,1.025,0,.996,-.087,0,.087,.996,0,0,0,1);
			es = "Constant";
			ed = "In";
		};
		["Left Arm"] = {
			cf = cfr(0,0,.2,.96,-.044,.277,-.107,.855,.507,-.259,-.516,.816);
			es = "Constant";
			ed = "In";
		};
	};
	{
		tm = 1.767;
		["Torso"] = {
			cf = cfr(0,-.105,.005,1,0,0,0,.997,-.082,0,.082,.997);
			es = "Constant";
