-- // converted using mech's animoduler
local cfr = CFrame.new

return {
	{
		tm = 0;
		["Torso"] = {
			cf = cfr(.089,-.305,-.114,.993,.119,-.007,-.117,.966,-.23,-.02,.23,.973);
			es = "Constant";
			ed = "In";
		};
		["Head"] = {
			cf = cfr(0,0,0,.997,.063,-.052,-.06,.997,.054,.055,-.051,.997);
			es = "Constant";
			ed = "In";
		};
		["Left Leg"] = {
			cf = cfr(-.614,.164,-.067,.965,-.151,.213,.135,.987,.088,-.224,-.056,.973);
			es = "Constant";
			ed = "In";
		};
		["Right Arm"] = {
			cf = cfr(-.366,-.216,.175,-.395,-.189,.899,-.053,-.972,-.228,.917,-.137,.374);
			es = "Constant";
			ed = "In";
		};
		["Right Leg"] = {
			cf = cfr(.652,.12,.086,.995,-.09,-.046,.093,.993,.068,.039,-.072,.997);
			es = "Constant";
			ed = "In";
		};
		["Left Arm"] = {
			cf = cfr(-.089,-.013,.337,-.278,.247,-.928,.048,-.962,-.27,-.959,-.119,.255);
			es = "Constant";
			ed = "In";
		};
	};
	{
		tm = .033;
		["Torso"] = {
			cf = cfr(.089,-.305,-.114,.993,.119,-.007,-.117,.966,-.23,-.02,.23,.973);
			es = "Constant";
			ed = "In";
		};
		["Head"] = {
			cf = cfr(0,0,0,.997,.063,-.052,-.06,.997,.054,.055,-.051,.997);
			es = "Constant";
			ed = "In";
		};
		["Left Leg"] = {
			cf = cfr(-.614,.164,-.067,.965,-.151,.213,.135,.987,.088,-.224,-.056,.973);
			es = "Constant";
			ed = "In";
		};
		["Right Arm"] = {
			cf = cfr(-.366,-.216,.175,-.395,-.189,.899,-.053,-.972,-.228,.917,-.137,.374);
			es = "Constant";
			ed = "In";
		};
		["Right Leg"] = {
			cf = cfr(.652,.12,.086,.995,-.09,-.046,.093,.993,.068,.039,-.072,.997);
			es = "Constant";
			ed = "In";
		};
		["Left Arm"] = {
			cf = cfr(-.089,-.013,.337,-.278,.247,-.928,.048,-.962,-.27,-.959,-.119,.255);
			es = "Constant";
			ed = "In";
		};
	};
	{
		tm = .067;
		["Torso"] = {
			cf = cfr(.107,-.257,-.248,1,.019,.023,-.015,.988,-.151,-.026,.15,.988);
			es = "Constant";
			ed = "In";
		};
		["Head"] = {
			cf = cfr(0,0,0,.998,.069,.012,-.07,.996,.055,-.008,-.056,.998);
			es = "Constant";
			ed = "In";
		};
		["Left Leg"] = {
			cf = cfr(-.917,.148,-.148,.809,-.411,-.421,.479,.875,.066,.341,-.255,.905);
			es = "Constant";
			ed = "In";
		};
		["Right Arm"] = {
			cf = cfr(-.138,-.886,.025,.27,-.319,.909,.199,-.905,-.377,.942,.282,-.181);
			es = "Constant";
			ed = "In";
		};
		["Right Leg"] = {
			cf = cfr(.777,.173,-.309,.805,.207,.556,-.318,.942,.109,-.501,-.264,.824);
			es = "Constant";
			ed = "In";
		};
		["Left Arm"] = {
			cf = cfr(.149,-.725,-.009,.257,.337,-.906,-.598,-.681,-.423,-.759,.65,.027);
			es = "Constant";
			ed = "In";
		};
	};
	{
		tm = .117;
		["Torso"] = {
			cf = cfr(.107,-.257,-.248,1,.019,.023,-.015,.988,-.151,-.026,.15,.988);
			es = "Constant";
			ed = "In";
		};
		["Head"] = {
			cf = cfr(0,0,0,.998,.069,.012,-.07,.996,.055,-.008,-.056,.998);
			es = "Constant";
			ed = "In";
		};
		["Left Leg"] = {
			cf = cfr(-.917,.148,-.148,.809,-.411,-.421,.479,.875,.066,.341,-.255,.905);
			es = "Constant";
			ed = "In";
		};
		["Right Arm"] = {
			cf = cfr(-.138,-.886,.025,.27,-.319,.909,.199,-.905,-.377,.942,.282,-.181);
			es = "Constant";
			ed = "In";
		};
		["Right Leg"] = {
			cf = cfr(.777,.173,-.309,.805,.207,.556,-.318,.942,.109,-.501,-.264,.824);
			es = "Constant";
			ed = "In";
		};
		["Left Arm"] = {
			cf = cfr(.149,-.725,-.009,.257,.337,-.906,-.598,-.681,-.423,-.759,.65,.027);
			es = "Constant";
			ed = "In";
		};
	};
	{
		tm = .133;
		["Torso"] = {
			cf = cfr(.107,-.257,-.248,1,.019,.023,-.015,.988,-.151,-.026,.15,.988);
			es = "Constant";
			ed = "In";
		};
		["Head"] = {
			cf = cfr(0,0,0,.998,.069,.012,-.07,.996,.055,-.008,-.056,.998);
			es = "Constant";
			ed = "In";
		};
		["Left Leg"] = {
			cf = cfr(-.917,.148,-.148,.809,-.411,-.421,.479,.875,.066,.341,-.255,.905);
			es = "Constant";
			ed = "In";
		};
		["Right Arm"] = {
			cf = cfr(-.138,-.886,.025,.27,-.319,.909,.199,-.905,-.377,.942,.282,-.181);
			es = "Constant";
			ed = "In";
		};
		["Right Leg"] = {
			cf = cfr(.777,.173,-.309,.805,.207,.556,-.318,.942,.109,-.501,-.264,.824);
			es = "Constant";
			ed = "In";
		};
		["Left Arm"] = {
			cf = cfr(.149,-.725,-.009,.257,.337,-.906,-.598,-.681,-.423,-.759,.65,.027);
			es = "Constant";
			ed = "In";
		};
	};
	{
		tm = .167;
		["Torso"] = {
			cf = cfr(.107,-.257,-.248,1,.019,.023,-.015,.988,-.151,-.026,.15,.988);
			es = "Constant";
			ed = "In";
		};
		["Head"] = {
			cf = cfr(0,0,0,.998,.069,.012,-.07,.996,.055,-.008,-.056,.998);
			es = "Constant";
			ed = "In";
		};
		["Left Leg"] = {
			cf = cfr(-.917,.148,-.148,.809,-.411,-.421,.479,.875,.066,.341,-.255,.905);
			es = "Constant";
			ed = "In";
		};
		["Right Arm"] = {
			cf = cfr(-.138,-.886,.025,.27,-.319,.909,.199,-.905,-.377,.942,.282,-.181);
			es = "Constant";
			ed = "In";
		};
		["Right Leg"] = {
			cf = cfr(.777,.173,-.309,.805,.207,.556,-.318,.942,.109,-.501,-.264,.824);
			es = "Constant";
			ed = "In";
		};
		["Left Arm"] = {
			cf = cfr(.149,-.725,-.009,.257,.337,-.906,-.598,-.681,-.423,-.759,.65,.027);
			es = "Constant";
			ed = "In";
		};
	};
	{
		tm = .2;
		["Torso"] = {
			cf = cfr(.107,-.257,-.105,1,.019,.023,-.015,.988,-.151,-.026,.15,.988);
			es = "Constant";
			ed = "In";
		};
		["Head"] = {
			cf = cfr(0,0,0,.997,.063,-.052,-.06,.997,.054,.055,-.051,.997);
			es = "Constant";
			ed = "In";
		};
		["Left Leg"] = {
			cf = cfr(-.682,.133,-.124,.866,-.264,-.425,.339,.934,.112,.368,-.242,.898);
			es = "Constant";
			ed = "In";
		};
		["Right Arm"] = {
			cf = cfr(-.138,-.886,.025,.27,-.319,.909,.199,-.905,-.377,.942,.282,-.181);
			es = "Constant";
			ed = "In";
		};
		["Right Leg"] = {
			cf = cfr(.475,.119,-.165,.834,.023,.552,-.118,.984,.137,-.539,-.179,.823);
			es = "Constant";
			ed = "In";
		};
		["Left Arm"] = {
			cf = cfr(.149,-.725,-.009,.257,.337,-.906,-.598,-.681,-.423,-.759,.65,.027);
			es = "Constant";
			ed = "In";
		};
	};
	{
		tm = .233;
		["Torso"] = {
			cf = cfr(.069,-.257,-.075,1,.019,.023,-.015,.988,-.151,-.026,.15,.988);
			es = "Constant";
			ed = "In";
		};
		["Head"] = {
			cf = cfr(0,0,0,.997,.063,-.052,-.06,.997,.054,.055,-.051,.997);
			es = "Constant";
			ed = "In";
		};
		["Left Leg"] = {
			cf = cfr(-.606,.134,-.084,.878,-.218,-.425,.297,.946,.129,.374,-.24,.896);
			es = "Constant";
			ed = "In";
		};
		["Right Arm"] = {
			cf = cfr(-.138,-.886,.025,.27,-.319,.909,.199,-.905,-.377,.942,.282,-.181);
			es = "Constant";
			ed = "In";
		};
		["Right Leg"] = {
			cf = cfr(.397,.097,-.132,.835,-.023,.55,-.058,.99,.129,-.547,-.139,.825);
			es = "Constant";
			ed = "In";
		};
		["Left Arm"] = {
			cf = cfr(.149,-.725,-.009,.257,.337,-.906,-.598,-.681,-.423,-.759,.65,.027);
			es = "Constant";
			ed = "In";
		};
	};
	{
		tm = .267;
		["Torso"] = {
			cf = cfr(.069,-.257,-.113,1,.019,.023,-.015,.988,-.151,-.026,.15,.988);
			es = "Constant";
			ed = "In";
		};
		["Head"] = {
			cf = cfr(0,0,0,.997,.063,-.052,-.06,.997,.054,.055,-.051,.997);
			es = "Constant";
			ed = "In";
		};
		["Left Leg"] = {
			cf = cfr(-.688,.138,-.094,.864,-.268,-.425,.345,.932,.114,.366,-.245,.898);
			es = "Constant";
			ed = "In";
		};
		["Right Arm"] = {
			cf = cfr(-.138,-.886,.025,.27,-.319,.909,.199,-.905,-.377,.942,.282,-.181);
			es = "Constant";
			ed = "In";
		};
		["Right Leg"] = {
			cf = cfr(.507,.12,-.191,.833,.043,.552,-.131,.984,.121,-.538,-.173,.825);
			es = "Constant";
			ed = "In";
		};
		["Left Arm"] = {
			cf = cfr(.149,-.725,-.009,.257,.337,-.906,-.598,-.681,-.423,-.759,.65,.027);
			es = "Constant";
			ed = "In";
		};
	};
	{
		tm = .317;
		["Torso"] = {
			cf = cfr(.069,-.257,-.113,1,.019,.023,-.015,.988,-.151,-.026,.15,.988);
			es = "Constant";
			ed = "In";
		};
		["Head"] = {
			cf = cfr(0,0,0,.997,.063,-.052,-.06,.997,.054,.055,-.051,.997);
			es = "Constant";
			ed = "In";
		};
		["Left Leg"] = {
			cf = cfr(-.688,.138,-.094,.864,-.268,-.425,.345,.932,.114,.366,-.245,.898);
			es = "Constant";
			ed = "In";
		};
		["Right Arm"] = {
			cf = cfr(-.138,-.886,.025,.27,-.319,.909,.199,-.905,-.377,.942,.282,-.181);
			es = "Constant";
			ed = "In";
		};
		["Right Leg"] = {
			cf = cfr(.507,.12,-.191,.833,.043,.552,-.131,.984,.121,-.538,-.173,.825);
			es = "Constant";
			ed = "In";
		};
		["Left Arm"] = {
			cf = cfr(.149,-.725,-.009,.257,.337,-.906,-.598,-.681,-.423,-.759,.65,.027);
			es = "Constant";
			ed = "In";
		};
	};
	{
		tm = .35;
		["Torso"] = {
			cf = cfr(.077,-.257,-.128,1,.019,.023,-.015,.988,-.151,-.026,.15,.988);
			es = "Constant";
			ed = "In";
		};
		["Head"] = {
			cf = cfr(0,0,0,.997,.063,-.052,-.06,.997,.054,.055,-.051,.997);
			es = "Constant";
			ed = "In";
		};
		["Left Leg"] = {
			cf = cfr(-.72,.139,-.103,.858,-.287,-.425,.363,.926,.107,.363,-.246,.899);
			es = "Constant";
			ed = "In";
		};
		["Right Arm"] = {
			cf = cfr(-.128,-.946,.091,.27,-.319,.909,.199,-.905,-.377,.942,.282,-.181);
			es = "Constant";
			ed = "In";
		};
		["Right Leg"] = {
			cf = cfr(.543,.128,-.208,.831,.064,.553,-.157,.98,.121,-.534,-.187,.824);
			es = "Constant";
			ed = "In";
		};
		["Left Arm"] = {
			cf = cfr(.14,-.79,.075,.257,.337,-.906,-.598,-.681,-.423,-.759,.65,.027);
			es = "Constant";
			ed = "In";
		};
	};
	{
		tm = .383;
		["Torso"] = {
			cf = cfr(.077,-.257,-.128,1,.019,.023,-.015,.988,-.151,-.026,.15,.988);
			es = "Constant";
			ed = "In";
		};
		["Head"] = {
			cf = cfr(0,0,0,.997,.063,-.052,-.06,.997,.054,.055,-.051,.997);
			es = "Constant";
			ed = "In";
		};
		["Left Leg"] = {
			cf = cfr(-.72,.139,-.103,.858,-.287,-.425,.363,.926,.107,.363,-.246,.899);
			es = "Constant";
			ed = "In";
		};
		["Right Arm"] = {
			cf = cfr(-.128,-.946,.091,.27,-.319,.909,.199,-.905,-.377,.942,.282,-.181);
			es = "Constant";
			ed = "In";
		};
		["Right Leg"] = {
			cf = cfr(.543,.128,-.208,.831,.064,.553,-.157,.98,.121,-.534,-.187,.824);
			es = "Constant";
			ed = "In";
		};
		["Left Arm"] = {
			cf = cfr(.14,-.79,.075,.257,.337,-.906,-.598,-.681,-.423,-.759,.65,.027);
			es = "Constant";
			ed = "In";
		};
	};
	{
		tm = .417;
		["Torso"] = {
			cf = cfr(.084,-.257,-.135,1,.019,.023,-.015,.988,-.151,-.026,.15,.988);
			es = "Constant";
			ed = "In";
		};
		["Head"] = {
			cf = cfr(0,0,0,.997,.063,-.052,-.06,.997,.054,.055,-.051,.997);
			es = "Constant";
			ed = "In";
		};
		["Left Leg"] = {
			cf = cfr(-.735,.139,-.112,.855,-.297,-.425,.372,.922,.104,.361,-.247,.899);
			es = "Constant";
			ed = "In";
		};
		["Right Arm"] = {
			cf = cfr(-.118,-1.008,.132,.257,-.322,.911,.277,-.879,-.389,.926,.353,-.137);
			es = "Constant";
			ed = "In";
		};
		["Right Leg"] = {
			cf = cfr(.56,.132,-.214,.83,.074,.553,-.169,.978,.123,-.532,-.195,.824);
			es = "Constant";
			ed = "In";
		};
		["Left Arm"] = {
			cf = cfr(.144,-.768,.067,.257,.337,-.906,-.598,-.681,-.423,-.759,.65,.027);
			es = "Constant";
			ed = "In";
		};
	};
	{
		tm = .45;
		["Torso"] = {
			cf = cfr(-.084,-.039,-.136,.906,-.397,-.145,.409,.91,.067,.106,-.12,.987);
			es = "Constant";
			ed = "In";
		};
		["Head"] = {
			cf = cfr(0,0,0,.958,.043,.282,-.018,.996,-.093,-.285,.084,.955);
			es = "Constant";
			ed = "In";
		};
		["Left Leg"] = {
			cf = cfr(.286,-.035,-.155,.659,-.461,.594,.589,.807,-.028,-.467,.369,.804);
			es = "Constant";
			ed = "In";
		};
		["Right Arm"] = {
			cf = cfr(-.114,-.757,.165,.525,-.495,.693,.747,-.123,-.653,.408,.86,.305);
			es = "Constant";
			ed = "In";
		};
		["Right Leg"] = {
			cf = cfr(.215,-.051,-.152,.966,.247,.072,-.228,.951,-.207,-.12,.184,.976);
			es = "Constant";
			ed = "In";
		};
		["Left Arm"] = {
			cf = cfr(.079,1.49,-.157,-.014,.144,-.99,-.996,-.094,0,-.093,.985,.144);
			es = "Constant";
			ed = "In";
		};
	};
	{
		tm = .483;
		["Torso"] = {
			cf = cfr(-.122,-.039,.021,.906,-.397,-.145,.409,.91,.067,.106,-.12,.987);
			es = "Constant";
			ed = "In";
		};
		["Head"] = {
			cf = cfr(0,0,0,.958,.043,.282,-.018,.996,-.093,-.285,.084,.955);
			es = "Constant";
			ed = "In";
		};
		["Left Leg"] = {
			cf = cfr(.341,-.143,-.188,.683,-.43,.591,.547,.837,-.023,-.484,.339,.807);
			es = "Constant";
			ed = "In";
		};
		["Right Arm"] = {
			cf = cfr(-.083,-.783,.092,.604,-.481,.635,.762,.114,-.638,.234,.869,.436);
			es = "Constant";
			ed = "In";
		};
		["Right Leg"] = {
			cf = cfr(.014,-.203,-.1,.988,.131,.084,-.108,.965,-.238,-.112,.226,.968);
			es = "Constant";
			ed = "In";
		};
		["Left Arm"] = {
			cf = cfr(.02,1.808,-.078,.058,.169,-.984,-.965,-.245,-.099,-.257,.955,.148);
			es = "Constant";
			ed = "In";
		};
	};
	{
		tm = .517;
		["Torso"] = {
			cf = cfr(-.122,-.039,.021,.906,-.397,-.145,.409,.91,.067,.106,-.12,.987);
			es = "Constant";
			ed = "In";
		};
		["Head"] = {
			cf = cfr(0,0,0,.958,.043,.282,-.018,.996,-.093,-.285,.084,.955);
			es = "Constant";
			ed = "In";
		};
		["Left Leg"] = {
			cf = cfr(.341,-.143,-.188,.683,-.43,.591,.547,.837,-.023,-.484,.339,.807);
			es = "Constant";
			ed = "In";
		};
		["Right Arm"] = {
			cf = cfr(-.083,-.783,.092,.604,-.481,.635,.762,.114,-.638,.234,.869,.436);
			es = "Constant";
			ed = "In";
		};
		["Right Leg"] = {
			cf = cfr(.014,-.203,-.1,.988,.131,.084,-.108,.965,-.238,-.112,.226,.968);
			es = "Constant";
			ed = "In";
		};
		["Left Arm"] = {
			cf = cfr(.02,1.808,-.078,.058,.169,-.984,-.965,-.245,-.099,-.257,.955,.148);
			es = "Constant";
			ed = "In";
		};
	};
	{
		tm = .55;
		["Torso"] = {
			cf = cfr(-.11,-.039,.036,.906,-.397,-.145,.409,.91,.067,.106,-.12,.987);
			es = "Constant";
			ed = "In";
		};
		["Head"] = {
			cf = cfr(0,0,0,.958,.043,.282,-.018,.996,-.093,-.285,.084,.955);
			es = "Constant";
			ed = "In";
		};
		["Left Leg"] = {
			cf = cfr(.348,-.158,-.196,.682,-.43,.591,.549,.836,-.025,-.483,.342,.806);
			es = "Constant";
			ed = "In";
		};
		["Right Arm"] = {
			cf = cfr(-.072,-.763,.07,.628,-.472,.618,.757,.188,-.626,.18,.861,.475);
			es = "Constant";
			ed = "In";
		};
		["Right Leg"] = {
			cf = cfr(.013,-.21,-.1,.987,.134,.085,-.111,.967,-.23,-.113,.218,.969);
			es = "Constant";
			ed = "In";
		};
		["Left Arm"] = {
			cf = cfr(.035,1.668,-.09,.092,.185,-.978,-.936,-.318,-.149,-.339,.93,.144);
			es = "Constant";
			ed = "In";
		};
	};
	{
		tm = .583;
		["Torso"] = {
			cf = cfr(-.129,-.039,.003,.904,-.394,-.164,.409,.91,.067,.123,-.128,.984);
			es = "Constant";
			ed = "In";
		};
		["Head"] = {
			cf = cfr(0,0,0,.958,.043,.282,-.018,.996,-.093,-.285,.084,.955);
			es = "Constant";
			ed = "In";
		};
		["Left Leg"] = {
			cf = cfr(.342,-.144,-.193,.675,-.439,.593,.566,.824,-.034,-.473,.359,.805);
			es = "Constant";
			ed = "In";
		};
		["Right Arm"] = {
			cf = cfr(-.071,-.766,.068,.63,-.471,.617,.756,.194,-.625,.175,.86,.479);
			es = "Constant";
			ed = "In";
		};
		["Right Leg"] = {
			cf = cfr(.016,-.17,-.09,.986,.142,.083,-.121,.968,-.22,-.111,.207,.972);
			es = "Constant";
			ed = "In";
		};
		["Left Arm"] = {
			cf = cfr(.033,1.679,-.087,.101,.19,-.977,-.928,-.337,-.161,-.359,.922,.142);
			es = "Constant";
			ed = "In";
		};
	};
	{
		tm = .617;
		["Torso"] = {
			cf = cfr(-.199,-.039,-.02,.904,-.394,-.164,.409,.91,.067,.123,-.128,.984);
			es = "Constant";
			ed = "In";
		};
		["Head"] = {
			cf = cfr(0,0,0,.958,.043,.282,-.018,.996,-.093,-.285,.084,.955);
			es = "Constant";
			ed = "In";
		};
		["Left Leg"] = {
			cf = cfr(.324,-.104,-.163,.685,-.431,.588,.546,.837,-.023,-.482,.337,.809);
			es = "Constant";
			ed = "In";
		};
		["Right Arm"] = {
			cf = cfr(-.068,-.736,.065,.63,-.471,.617,.756,.194,-.625,.175,.86,.479);
			es = "Constant";
			ed = "In";
		};
		["Right Leg"] = {
			cf = cfr(.013,-.185,-.099,.989,.124,.078,-.101,.962,-.252,-.107,.242,.965);
			es = "Constant";
			ed = "In";
		};
		["Left Arm"] = {
			cf = cfr(.042,1.613,-.095,.101,.19,-.977,-.928,-.337,-.161,-.359,.922,.142);
			es = "Constant";
			ed = "In";
		};
	};
	{
		tm = .65;
		["Torso"] = {
			cf = cfr(-.199,-.039,-.109,.904,-.394,-.164,.409,.91,.067,.123,-.128,.984);
			es = "Constant";
			ed = "In";
		};
		["Head"] = {
			cf = cfr(0,0,0,.958,.043,.282,-.018,.996,-.093,-.285,.084,.955);
			es = "Constant";
			ed = "In";
		};
		["Left Leg"] = {
			cf = cfr(.289,-.034,-.136,.676,-.444,.588,.562,.827,-.022,-.476,.346,.809);
			es = "Constant";
			ed = "In";
		};
		["Right Arm"] = {
			cf = cfr(-.054,-.633,.052,.63,-.471,.617,.756,.194,-.625,.175,.86,.479);
			es = "Constant";
			ed = "In";
		};
		["Right Leg"] = {
			cf = cfr(.025,-.113,-.083,.989,.126,.074,-.102,.958,-.269,-.105,.259,.96);
			es = "Constant";
			ed = "In";
		};
		["Left Arm"] = {
			cf = cfr(.052,1.531,-.105,.101,.19,-.977,-.928,-.337,-.161,-.359,.922,.142);
			es = "Constant";
			ed = "In";
		};
	};
	{
		tm = .683;
		["Torso"] = {
			cf = cfr(-.199,-.039,-.109,.904,-.394,-.164,.409,.91,.067,.123,-.128,.984);
			es = "Constant";
			ed = "In";
		};
		["Head"] = {
			cf = cfr(0,0,0,.958,.043,.282,-.018,.996,-.093,-.285,.084,.955);
			es = "Constant";
			ed = "In";
		};
		["Left Leg"] = {
			cf = cfr(.289,-.034,-.136,.676,-.444,.588,.562,.827,-.022,-.476,.346,.809);
			es = "Constant";
			ed = "In";
		};
		["Right Arm"] = {
			cf = cfr(-.054,-.633,.052,.63,-.471,.617,.756,.194,-.625,.175,.86,.479);
			es = "Constant";
			ed = "In";
		};
		["Right Leg"] = {
			cf = cfr(.025,-.113,-.083,.989,.126,.074,-.102,.958,-.269,-.105,.259,.96);
			es = "Constant";
			ed = "In";
		};
		["Left Arm"] = {
			cf = cfr(.052,1.531,-.105,.101,.19,-.977,-.928,-.337,-.161,-.359,.922,.142);
			es = "Constant";
			ed = "In";
		};
	};
	{
		tm = .733;
		["Torso"] = {
			cf = cfr(-.199,-.039,-.139,.904,-.394,-.164,.409,.91,.067,.123,-.128,.984);
			es = "Constant";
			ed = "In";
		};
		["Head"] = {
			cf = cfr(0,0,0,.958,.043,.282,-.018,.996,-.093,-.285,.084,.955);
			es = "Constant";
			ed = "In";
		};
		["Left Leg"] = {
			cf = cfr(.277,-.011,-.127,.673,-.449,.588,.568,.823,-.022,-.474,.349,.809);
			es = "Constant";
			ed = "In";
		};
		["Right Arm"] = {
			cf = cfr(-.054,-.633,.052,.63,-.471,.617,.756,.194,-.625,.175,.86,.479);
			es = "Constant";
			ed = "In";
		};
		["Right Leg"] = {
			cf = cfr(.128,-.08,-.126,.981,.184,.067,-.162,.954,-.25,-.11,.235,.966);
			es = "Constant";
			ed = "In";
		};
		["Left Arm"] = {
			cf = cfr(.052,1.531,-.105,.101,.19,-.977,-.928,-.337,-.161,-.359,.922,.142);
			es = "Constant";
			ed = "In";
		};
	};
	{
		tm = .75;
		["Torso"] = {
			cf = cfr(-.199,-.039,-.162,.904,-.394,-.164,.409,.91,.067,.123,-.128,.984);
			es = "Constant";
			ed = "In";
		};
		["Head"] = {
			cf = cfr(0,0,0,.958,.043,.282,-.018,.996,-.093,-.285,.084,.955);
			es = "Constant";
			ed = "In";
		};
		["Left Leg"] = {
			cf = cfr(.211,-.032,-.097,.65,-.484,.586,.605,.796,-.014,-.46,.364,.81);
			es = "Constant";
			ed = "In";
		};
		["Right Arm"] = {
			cf = cfr(-.054,-.633,.052,.63,-.471,.617,.756,.194,-.625,.175,.86,.479);
			es = "Constant";
			ed = "In";
		};
		["Right Leg"] = {
			cf = cfr(.193,-.059,-.154,.973,.221,.064,-.2,.95,-.238,-.113,.219,.969);
			es = "Constant";
			ed = "In";
		};
		["Left Arm"] = {
			cf = cfr(.052,1.531,-.105,.101,.19,-.977,-.928,-.337,-.161,-.359,.922,.142);
			es = "Constant";
			ed = "In";
		};
	};
	{
		tm = .783;
		["Torso"] = {
			cf = cfr(.248,.017,-.099,.842,.537,-.044,-.526,.838,.146,.115,-.1,.988);
			es = "Constant";
			ed = "In";
		};
		["Head"] = {
			cf = cfr(0,0,0,.886,-.448,.122,.461,.879,-.119,-.054,.162,.985);
			es = "Constant";
			ed = "In";
		};
		["Left Leg"] = {
			cf = cfr(-1.358,.177,-.672,.507,-.801,-.32,.842,.539,-.014,.183,-.262,.947);
			es = "Constant";
			ed = "In";
		};
		["Right Arm"] = {
			cf = cfr(.206,-.554,-.273,.473,-.403,-.784,.865,.383,.325,.169,-.831,.53);
			es = "Constant";
			ed = "In";
		};
		["Right Leg"] = {
			cf = cfr(-.329,.148,.198,.518,.267,-.813,-.295,.948,.123,.803,.176,.57);
			es = "Constant";
			ed = "In";
		};
		["Left Arm"] = {
			cf = cfr(-.087,-.457,-.53,.604,.624,-.496,-.764,.63,-.139,.226,.463,.857);
			es = "Constant";
			ed = "In";
		};
	};
	{
		tm = .817;
		["Torso"] = {
			cf = cfr(.248,.017,-.099,.842,.537,-.044,-.526,.838,.146,.115,-.1,.988);
			es = "Constant";
			ed = "In";
		};
		["Head"] = {
			cf = cfr(0,0,0,.886,-.448,.122,.461,.879,-.119,-.054,.162,.985);
			es = "Constant";
			ed = "In";
		};
		["Left Leg"] = {
			cf = cfr(-1.358,.177,-.672,.507,-.801,-.32,.842,.539,-.014,.183,-.262,.947);
			es = "Constant";
			ed = "In";
		};
		["Right Arm"] = {
			cf = cfr(.206,-.554,-.273,.473,-.403,-.784,.865,.383,.325,.169,-.831,.53);
			es = "Constant";
			ed = "In";
		};
		["Right Leg"] = {
			cf = cfr(-.329,.148,.198,.518,.267,-.813,-.295,.948,.123,.803,.176,.57);
			es = "Constant";
			ed = "In";
		};
		["Left Arm"] = {
			cf = cfr(-.087,-.457,-.53,.604,.624,-.496,-.764,.63,-.139,.226,.463,.857);
			es = "Constant";
			ed = "In";
		};
	};
	{
		tm = .85;
		["Torso"] = {
			cf = cfr(-.031,.018,-.033,.815,.576,-.069,-.562,.814,.148,.142,-.082,.987);
			es = "Constant";
			ed = "In";
		};
		["Head"] = {
			cf = cfr(0,0,0,.904,-.418,.093,.426,.899,-.105,-.04,.134,.99);
			es = "Constant";
			ed = "In";
		};
		["Left Leg"] = {
			cf = cfr(-1.44,-.114,-.482,.334,-.907,-.256,.926,.367,-.089,.175,-.207,.963);
			es = "Constant";
			ed = "In";
		};
		["Right Arm"] = {
			cf = cfr(.263,-.396,-.232,.177,-.511,-.841,.943,-.156,.293,-.281,-.845,.455);
			es = "Constant";
			ed = "In";
		};
		["Right Leg"] = {
			cf = cfr(-.418,.102,-.044,.561,.266,-.784,-.247,.958,.147,.79,.111,.603);
			es = "Constant";
			ed = "In";
		};
		["Left Arm"] = {
			cf = cfr(-.114,-.351,-.541,.491,.719,-.492,-.871,.427,-.244,.034,.548,.836);
			es = "Constant";
			ed = "In";
		};
	};
	{
		tm = .883;
		["Torso"] = {
			cf = cfr(-.001,.018,.012,.815,.576,-.069,-.562,.814,.148,.142,-.082,.987);
			es = "Constant";
			ed = "In";
		};
		["Head"] = {
			cf = cfr(0,0,0,.904,-.418,.093,.426,.899,-.105,-.04,.134,.99);
			es = "Constant";
			ed = "In";
		};
		["Left Leg"] = {
			cf = cfr(-1.432,-.027,-.566,.371,-.885,-.281,.916,.399,-.047,.153,-.24,.958);
			es = "Constant";
			ed = "In";
		};
		["Right Arm"] = {
			cf = cfr(.264,-.388,-.231,.163,-.512,-.844,.94,-.179,.29,-.3,-.84,.452);
			es = "Constant";
			ed = "In";
		};
		["Right Leg"] = {
			cf = cfr(-.45,.098,-.171,.577,.239,-.781,-.16,.971,.179,.801,.022,.598);
			es = "Constant";
			ed = "In";
		};
		["Left Arm"] = {
			cf = cfr(-.116,-.34,-.541,.478,.727,-.492,-.878,.405,-.255,.014,.554,.832);
			es = "Constant";
			ed = "In";
		};
	};
	{
		tm = .933;
		["Torso"] = {
			cf = cfr(-.001,.018,.012,.815,.576,-.069,-.562,.814,.148,.142,-.082,.987);
			es = "Constant";
			ed = "In";
		};
		["Head"] = {
			cf = cfr(0,0,0,.904,-.418,.093,.426,.899,-.105,-.04,.134,.99);
			es = "Constant";
			ed = "In";
		};
		["Left Leg"] = {
			cf = cfr(-1.422,.013,-.59,.395,-.873,-.287,.906,.421,-.034,.151,-.246,.957);
			es = "Constant";
			ed = "In";
		};
		["Right Arm"] = {
			cf = cfr(.259,-.409,-.229,.14,-.518,-.844,.931,-.22,.29,-.336,-.826,.452);
			es = "Constant";
			ed = "In";
		};
		["Right Leg"] = {
			cf = cfr(-.45,.098,-.171,.577,.239,-.781,-.16,.971,.179,.801,.022,.598);
			es = "Constant";
			ed = "In";
		};
		["Left Arm"] = {
			cf = cfr(-.117,-.334,-.541,.471,.732,-.492,-.882,.392,-.26,.003,.557,.83);
			es = "Constant";
			ed = "In";
		};
	};
	{
		tm = .967;
		["Torso"] = {
			cf = cfr(-.001,.018,-.025,.815,.576,-.069,-.562,.814,.148,.142,-.082,.987);
			es = "Constant";
			ed = "In";
		};
		["Head"] = {
			cf = cfr(0,0,0,.904,-.418,.093,.426,.899,-.105,-.04,.134,.99);
			es = "Constant";
			ed = "In";
		};
		["Left Leg"] = {
			cf = cfr(-1.437,.024,-.627,.378,-.876,-.301,.916,.401,-.016,.134,-.27,.954);
			es = "Constant";
			ed = "In";
		};
		["Right Arm"] = {
			cf = cfr(.258,-.415,-.229,.153,-.518,-.841,.935,-.199,.292,-.319,-.832,.455);
			es = "Constant";
			ed = "In";
		};
		["Right Leg"] = {
			cf = cfr(-.413,.105,-.046,.565,.259,-.784,-.231,.961,.151,.792,.095,.603);
			es = "Constant";
			ed = "In";
		};
		["Left Arm"] = {
			cf = cfr(-.116,-.342,-.541,.48,.726,-.492,-.877,.409,-.253,.017,.553,.833);
			es = "Constant";
			ed = "In";
		};
	};
	{
		tm = 1;
		["Torso"] = {
			cf = cfr(-.001,.018,-.025,.815,.576,-.069,-.562,.814,.148,.142,-.082,.987);
			es = "Constant";
			ed = "In";
		};
		["Head"] = {
			cf = cfr(0,0,0,.904,-.418,.093,.426,.899,-.105,-.04,.134,.99);
			es = "Constant";
			ed = "In";
		};
		["Left Leg"] = {
			cf = cfr(-1.393,0,-.539,.425,-.864,-.268,.888,.455,-.059,.173,-.213,.961);
			es = "Constant";
			ed = "In";
		};
		["Right Arm"] = {
			cf = cfr(.258,-.415,-.229,.153,-.518,-.841,.935,-.199,.292,-.319,-.832,.455);
			es = "Constant";
			ed = "In";
		};
		["Right Leg"] = {
			cf = cfr(-.413,.105,-.046,.565,.259,-.784,-.231,.961,.151,.792,.095,.603);
			es = "Constant";
			ed = "In";
		};
		["Left Arm"] = {
			cf = cfr(-.116,-.342,-.541,.48,.726,-.492,-.877,.409,-.253,.017,.553,.833);
			es = "Constant";
			ed = "In";
		};
	};
	{
		tm = 1.033;
		["Torso"] = {
			cf = cfr(-.001,.018,-.025,.815,.576,-.069,-.562,.814,.148,.142,-.082,.987);
			es = "Constant";
			ed = "In";
		};
		["Head"] = {
			cf = cfr(0,0,0,.904,-.418,.093,.426,.899,-.105,-.04,.134,.99);
			es = "Constant";
			ed = "In";
		};
		["Left Leg"] = {
			cf = cfr(-1.393,0,-.539,.425,-.864,-.268,.888,.455,-.059,.173,-.213,.961);
			es = "Constant";
			ed = "In";
		};
		["Right Arm"] = {
			cf = cfr(.258,-.415,-.229,.153,-.518,-.841,.935,-.199,.292,-.319,-.832,.455);
			es = "Constant";
			ed = "In";
		};
		["Right Leg"] = {
			cf = cfr(-.413,.105,-.046,.565,.259,-.784,-.231,.961,.151,.792,.095,.603);
			es = "Constant";
			ed = "In";
		};
		["Left Arm"] = {
			cf = cfr(-.116,-.342,-.541,.48,.726,-.492,-.877,.409,-.253,.017,.553,.833);
			es = "Constant";
			ed = "In";
		};
	};
	{
		tm = 1.05;
		["Torso"] = {
			cf = cfr(-.001,.018,-.138,.815,.576,-.069,-.562,.814,.148,.142,-.082,.987);
			es = "Constant";
			ed = "In";
		};
		["Head"] = {
			cf = cfr(0,0,0,.904,-.418,.093,.426,.899,-.105,-.04,.134,.99);
			es = "Constant";
			ed = "In";
		};
		["Left Leg"] = {
			cf = cfr(-1.322,-.016,-.457,.491,-.837,-.242,.846,.524,-.095,.207,-.158,.965);
			es = "Constant";
			ed = "In";
		};
		["Right Arm"] = {
			cf = cfr(.244,-.463,-.235,.243,-.509,-.826,.951,-.043,.307,-.192,-.859,.474);
			es = "Constant";
			ed = "In";
		};
		["Right Leg"] = {
			cf = cfr(-.343,.093,.26,.532,.297,-.793,-.401,.913,.073,.746,.279,.605);
			es = "Constant";
			ed = "In";
		};
		["Left Arm"] = {
			cf = cfr(-.101,-.41,-.538,.555,.67,-.492,-.82,.541,-.187,.141,.507,.85);
			es = "Constant";
			ed = "In";
		};
	};
	{
		tm = 1.1;
		["Torso"] = {
			cf = cfr(-.001,.018,-.175,.815,.576,-.069,-.562,.814,.148,.142,-.082,.987);
			es = "Constant";
			ed = "In";
		};
		["Head"] = {
			cf = cfr(0,0,0,.904,-.418,.093,.426,.899,-.105,-.04,.134,.99);
			es = "Constant";
			ed = "In";
		};
		["Left Leg"] = {
			cf = cfr(-1.307,-.018,-.444,.504,-.83,-.239,.838,.537,-.101,.212,-.149,.966);
			es = "Constant";
			ed = "In";
		};
		["Right Arm"] = {
			cf = cfr(.244,-.463,-.235,.243,-.509,-.826,.951,-.043,.307,-.192,-.859,.474);
			es = "Constant";
			ed = "In";
		};
		["Right Leg"] = {
			cf = cfr(-.332,.088,.334,.524,.302,-.796,-.441,.896,.05,.729,.325,.603);
			es = "Constant";
			ed = "In";
		};
		["Left Arm"] = {
			cf = cfr(-.101,-.41,-.538,.555,.67,-.492,-.82,.541,-.187,.141,.507,.85);
			es = "Constant";
			ed = "In";
		};
	};
	{
		tm = 1.133;
		["Torso"] = {
			cf = cfr(-.011,-.19,-.166,.988,.133,-.084,-.138,.989,-.06,.075,.071,.995);
			es = "Constant";
			ed = "In";
		};
		["Head"] = {
			cf = cfr(0,0,0,.904,-.418,.093,.426,.899,-.105,-.04,.134,.99);
			es = "Constant";
			ed = "In";
		};
		["Left Leg"] = {
			cf = cfr(.331,-.064,-.301,.603,-.097,.792,.365,.916,-.165,-.71,.389,.588);
			es = "Constant";
			ed = "In";
		};
		["Right Arm"] = {
			cf = cfr(.746,-.225,-1.171,.858,-.215,.467,.494,.595,-.634,-.142,.775,.616);
			es = "Constant";
			ed = "In";
		};
		["Right Leg"] = {
			cf = cfr(1.197,-.26,-.801,.284,.586,.759,-.902,.431,.005,-.324,-.686,.652);
			es = "Constant";
			ed = "In";
		};
		["Left Arm"] = {
			cf = cfr(-.524,-.077,-.333,-.091,.484,-.871,-.917,.3,.262,.388,.822,.416);
			es = "Constant";
			ed = "In";
		};
	};
	{
		tm = 1.167;
		["Torso"] = {
			cf = cfr(-.078,-.19,.074,.952,.116,-.283,-.138,.989,-.06,.273,.096,.957);
			es = "Constant";
			ed = "In";
		};
		["Head"] = {
			cf = cfr(0,0,0,.929,-.203,.31,.248,.962,-.112,-.275,.181,.944);
			es = "Constant";
			ed = "In";
		};
		["Left Leg"] = {
			cf = cfr(.315,-.425,-.55,.627,-.056,.777,.458,.833,-.309,-.63,.55,.548);
			es = "Constant";
			ed = "In";
		};
		["Right Arm"] = {
			cf = cfr(.746,-.174,-1.152,.864,-.202,.461,.494,.519,-.698,-.098,.831,.548);
			es = "Constant";
			ed = "In";
		};
		["Right Leg"] = {
			cf = cfr(1.423,-.358,-.522,.091,.748,.657,-.995,.045,.086,.035,-.662,.749);
			es = "Constant";
			ed = "In";
		};
		["Left Arm"] = {
			cf = cfr(-.52,.092,-.378,-.151,.468,-.871,-.988,-.085,.126,-.015,.88,.476);
			es = "Constant";
			ed = "In";
		};
	};
	{
		tm = 1.2;
		["Torso"] = {
			cf = cfr(-.078,-.19,.074,.952,.116,-.283,-.138,.989,-.06,.273,.096,.957);
			es = "Constant";
			ed = "In";
		};
		["Head"] = {
			cf = cfr(0,0,0,.929,-.203,.31,.248,.962,-.112,-.275,.181,.944);
			es = "Constant";
			ed = "In";
		};
		["Left Leg"] = {
			cf = cfr(.315,-.425,-.55,.627,-.056,.777,.458,.833,-.309,-.63,.55,.548);
			es = "Constant";
			ed = "In";
		};
		["Right Arm"] = {
			cf = cfr(.746,-.174,-1.152,.864,-.202,.461,.494,.519,-.698,-.098,.831,.548);
			es = "Constant";
			ed = "In";
		};
		["Right Leg"] = {
			cf = cfr(1.423,-.358,-.522,.091,.748,.657,-.995,.045,.086,.035,-.662,.749);
			es = "Constant";
			ed = "In";
		};
		["Left Arm"] = {
			cf = cfr(-.52,.092,-.378,-.151,.468,-.871,-.988,-.085,.126,-.015,.88,.476);
			es = "Constant";
			ed = "In";
		};
	};
	{
		tm = 1.233;
		["Torso"] = {
			cf = cfr(-.132,-.189,.109,.948,.114,-.298,-.137,.989,-.059,.288,.097,.953);
			es = "Constant";
			ed = "In";
		};
		["Head"] = {
			cf = cfr(0,0,0,.915,-.191,.356,.243,.964,-.107,-.323,.184,.928);
			es = "Constant";
			ed = "In";
		};
		["Left Leg"] = {
			cf = cfr(.32,-.46,-.555,.628,-.053,.776,.455,.835,-.311,-.631,.548,.549);
			es = "Constant";
			ed = "In";
		};
		["Right Arm"] = {
			cf = cfr(.725,-.173,-1.143,.865,-.155,.477,.481,.525,-.702,-.142,.837,.529);
			es = "Constant";
			ed = "In";
		};
		["Right Leg"] = {
			cf = cfr(1.383,-.386,-.633,.094,.723,.685,-.992,.014,.122,.079,-.691,.718);
			es = "Constant";
			ed = "In";
		};
		["Left Arm"] = {
			cf = cfr(-.521,.081,-.377,-.147,.47,-.87,-.989,-.059,.136,.012,.881,.474);
			es = "Constant";
			ed = "In";
		};
	};
	{
		tm = 1.267;
		["Torso"] = {
			cf = cfr(-.148,-.189,.104,.939,.111,-.325,-.137,.989,-.059,.314,.1,.944);
			es = "Constant";
			ed = "In";
		};
		["Head"] = {
			cf = cfr(0,0,0,.915,-.191,.356,.243,.964,-.107,-.323,.184,.928);
			es = "Constant";
			ed = "In";
		};
		["Left Leg"] = {
			cf = cfr(.316,-.473,-.578,.631,-.051,.774,.469,.819,-.329,-.618,.571,.541);
			es = "Constant";
			ed = "In";
		};
		["Right Arm"] = {
			cf = cfr(.725,-.164,-1.139,.866,-.153,.476,.482,.511,-.712,-.134,.846,.516);
			es = "Constant";
			ed = "In";
		};
		["Right Leg"] = {
			cf = cfr(1.375,-.404,-.659,.082,.719,.69,-.988,-.034,.152,.133,-.694,.707);
			es = "Constant";
			ed = "In";
		};
		["Left Arm"] = {
			cf = cfr(-.519,.106,-.378,-.155,.466,-.871,-.987,-.114,.115,-.046,.877,.478);
			es = "Constant";
			ed = "In";
		};
	};
	{
		tm = 1.3;
		["Torso"] = {
			cf = cfr(-.14,-.189,.059,.939,.111,-.325,-.137,.989,-.059,.314,.1,.944);
			es = "Constant";
			ed = "In";
		};
		["Head"] = {
			cf = cfr(0,0,0,.915,-.191,.356,.243,.964,-.107,-.323,.184,.928);
			es = "Constant";
			ed = "In";
		};
		["Left Leg"] = {
			cf = cfr(.314,-.437,-.561,.631,-.054,.774,.476,.815,-.331,-.613,.577,.54);
			es = "Constant";
			ed = "In";
		};
		["Right Arm"] = {
			cf = cfr(.725,-.164,-1.139,.866,-.153,.476,.482,.511,-.712,-.134,.846,.516);
			es = "Constant";
			ed = "In";
		};
		["Right Leg"] = {
			cf = cfr(1.375,-.404,-.659,.082,.719,.69,-.988,-.034,.152,.133,-.694,.707);
			es = "Constant";
			ed = "In";
		};
		["Left Arm"] = {
			cf = cfr(-.519,.106,-.378,-.155,.466,-.871,-.987,-.114,.115,-.046,.877,.478);
			es = "Constant";
			ed = "In";
		};
	};
	{
		tm = 1.35;
		["Torso"] = {
			cf = cfr(-.14,-.189,.059,.939,.111,-.325,-.137,.989,-.059,.314,.1,.944);
			es = "Constant";
			ed = "In";
		};
		["Head"] = {
			cf = cfr(0,0,0,.915,-.191,.356,.243,.964,-.107,-.323,.184,.928);
			es = "Constant";
			ed = "In";
		};
		["Left Leg"] = {
			cf = cfr(.314,-.437,-.561,.631,-.054,.774,.476,.815,-.331,-.613,.577,.54);
			es = "Constant";
			ed = "In";
		};
		["Right Arm"] = {
			cf = cfr(.725,-.164,-1.139,.866,-.153,.476,.482,.511,-.712,-.134,.846,.516);
			es = "Constant";
			ed = "In";
		};
		["Right Leg"] = {
			cf = cfr(1.375,-.404,-.659,.082,.719,.69,-.988,-.034,.152,.133,-.694,.707);
			es = "Constant";
			ed = "In";
		};
		["Left Arm"] = {
			cf = cfr(-.519,.106,-.378,-.155,.466,-.871,-.987,-.114,.115,-.046,.877,.478);
			es = "Constant";
			ed = "In";
		};
	};
	{
		tm = 1.367;
		["Torso"] = {
			cf = cfr(-.268,-.189,.006,.939,.111,-.325,-.137,.989,-.059,.314,.1,.944);
			es = "Constant";
			ed = "In";
		};
		["Head"] = {
			cf = cfr(0,0,0,.915,-.191,.356,.243,.964,-.107,-.323,.184,.928);
			es = "Constant";
			ed = "In";
		};
		["Left Leg"] = {
			cf = cfr(.331,-.382,-.472,.629,-.056,.775,.455,.835,-.309,-.63,.547,.551);
			es = "Constant";
			ed = "In";
		};
		["Right Arm"] = {
			cf = cfr(.725,-.175,-1.144,.865,-.156,.478,.481,.529,-.699,-.144,.834,.532);
			es = "Constant";
			ed = "In";
		};
		["Right Leg"] = {
			cf = cfr(1.305,-.245,-.638,.225,.655,.722,-.974,.15,.167,.001,-.741,.672);
			es = "Constant";
			ed = "In";
		};
		["Left Arm"] = {
			cf = cfr(-.52,.091,-.378,-.151,.469,-.871,-.989,-.081,.128,-.011,.88,.475);
			es = "Constant";
			ed = "In";
		};
	};
	{
		tm = 1.417;
		["Torso"] = {
			cf = cfr(-.268,-.189,-.046,.939,.111,-.325,-.137,.989,-.059,.314,.1,.944);
			es = "Constant";
			ed = "In";
		};
		["Head"] = {
			cf = cfr(0,0,0,.915,-.191,.356,.243,.964,-.107,-.323,.184,.928);
			es = "Constant";
			ed = "In";
		};
		["Left Leg"] = {
			cf = cfr(.328,-.339,-.447,.629,-.061,.775,.461,.832,-.309,-.626,.552,.551);
			es = "Constant";
			ed = "In";
		};
		["Right Arm"] = {
			cf = cfr(.725,-.175,-1.144,.865,-.156,.478,.481,.529,-.699,-.144,.834,.532);
			es = "Constant";
			ed = "In";
		};
		["Right Leg"] = {
			cf = cfr(1.199,-.143,-.642,.328,.577,.748,-.939,.286,.191,-.104,-.765,.636);
			es = "Constant";
			ed = "In";
		};
		["Left Arm"] = {
			cf = cfr(-.52,.091,-.378,-.151,.469,-.871,-.989,-.081,.128,-.011,.88,.475);
			es = "Constant";
			ed = "In";
		};
	};
	{
		tm = 1.433;
		["Torso"] = {
			cf = cfr(-.32,-.189,-.076,.939,.111,-.325,-.137,.989,-.059,.314,.1,.944);
			es = "Constant";
			ed = "In";
		};
		["Head"] = {
			cf = cfr(0,0,0,.915,-.191,.356,.243,.964,-.107,-.323,.184,.928);
			es = "Constant";
			ed = "In";
		};
		["Left Leg"] = {
			cf = cfr(.335,-.307,-.409,.628,-.062,.776,.452,.841,-.299,-.633,.538,.556);
			es = "Constant";
			ed = "In";
		};
		["Right Arm"] = {
			cf = cfr(.725,-.175,-1.144,.865,-.156,.478,.481,.529,-.699,-.144,.834,.532);
			es = "Constant";
			ed = "In";
		};
		["Right Leg"] = {
			cf = cfr(1.199,-.143,-.642,.328,.577,.748,-.939,.286,.191,-.104,-.765,.636);
			es = "Constant";
			ed = "In";
		};
		["Left Arm"] = {
			cf = cfr(-.52,.091,-.378,-.151,.469,-.871,-.989,-.081,.128,-.011,.88,.475);
			es = "Constant";
			ed = "In";
		};
	};
	{
		tm = 1.467;
		["Torso"] = {
			cf = cfr(-.566,-.223,-.256,.878,.334,.344,-.32,.942,-.098,-.357,-.024,.934);
			es = "Constant";
			ed = "In";
		};
		["Head"] = {
			cf = cfr(0,0,0,.931,-.287,-.225,.246,.95,-.192,.269,.124,.955);
			es = "Constant";
			ed = "In";
		};
		["Left Leg"] = {
			cf = cfr(-.682,.138,-.014,.736,-.665,-.125,.644,.632,.432,-.208,-.399,.893);
			es = "Constant";
			ed = "In";
		};
		["Right Arm"] = {
			cf = cfr(-.471,-.37,.73,-.752,.067,-.656,.427,.808,-.406,.503,-.585,-.636);
			es = "Constant";
			ed = "In";
		};
		["Right Leg"] = {
			cf = cfr(-.368,-.158,-.062,.796,-.029,-.605,.062,.998,.033,.603,-.064,.795);
			es = "Constant";
			ed = "In";
		};
		["Left Arm"] = {
			cf = cfr(-.191,-.073,.981,.425,.099,-.9,-.325,-.911,-.254,-.845,.4,-.355);
			es = "Constant";
			ed = "In";
		};
	};
	{
		tm = 1.5;
		["Torso"] = {
			cf = cfr(-.705,-.223,-.167,.892,.334,.303,-.32,.942,-.098,-.318,-.009,.948);
			es = "Constant";
			ed = "In";
		};
		["Head"] = {
			cf = cfr(0,0,0,.953,-.267,-.14,.244,.956,-.161,.177,.12,.977);
			es = "Constant";
			ed = "In";
		};
		["Left Leg"] = {
			cf = cfr(-.475,.191,.016,.824,-.55,-.134,.55,.722,.419,-.133,-.419,.898);
			es = "Constant";
			ed = "In";
		};
		["Right Arm"] = {
			cf = cfr(-.414,-.387,.681,-.627,.063,-.776,.524,.771,-.361,.576,-.633,-.516);
			es = "Constant";
			ed = "In";
		};
		["Right Leg"] = {
			cf = cfr(-.367,-.174,-.061,.798,-.024,-.602,.047,.999,.022,.6,-.046,.799);
			es = "Constant";
			ed = "In";
		};
		["Left Arm"] = {
			cf = cfr(-.181,-.095,1.017,.424,.066,-.903,-.259,-.947,-.192,-.868,.316,-.384);
			es = "Constant";
			ed = "In";
		};
	};
	{
		tm = 1.55;
		["Torso"] = {
			cf = cfr(-.705,-.223,-.167,.892,.334,.303,-.32,.942,-.098,-.318,-.009,.948);
			es = "Constant";
			ed = "In";
		};
		["Head"] = {
			cf = cfr(0,0,0,.953,-.267,-.14,.244,.956,-.161,.177,.12,.977);
			es = "Constant";
			ed = "In";
		};
		["Left Leg"] = {
			cf = cfr(-.475,.191,.016,.824,-.55,-.134,.55,.722,.419,-.133,-.419,.898);
			es = "Constant";
			ed = "In";
		};
		["Right Arm"] = {
			cf = cfr(-.414,-.387,.681,-.627,.063,-.776,.524,.771,-.361,.576,-.633,-.516);
			es = "Constant";
			ed = "In";
		};
		["Right Leg"] = {
			cf = cfr(-.367,-.174,-.061,.798,-.024,-.602,.047,.999,.022,.6,-.046,.799);
			es = "Constant";
			ed = "In";
		};
		["Left Arm"] = {
			cf = cfr(-.181,-.095,1.017,.424,.066,-.903,-.259,-.947,-.192,-.868,.316,-.384);
			es = "Constant";
			ed = "In";
		};
	};
	{
		tm = 1.583;
		["Torso"] = {
			cf = cfr(-.718,-.223,-.163,.9,.334,.28,-.32,.942,-.098,-.297,-.001,.955);
			es = "Constant";
			ed = "In";
		};
		["Head"] = {
			cf = cfr(0,0,0,.953,-.267,-.14,.244,.956,-.161,.177,.12,.977);
			es = "Constant";
			ed = "In";
		};
		["Left Leg"] = {
			cf = cfr(-.479,.172,.01,.829,-.544,-.133,.547,.736,.399,-.119,-.404,.907);
			es = "Constant";
			ed = "In";
		};
		["Right Arm"] = {
			cf = cfr(-.413,-.393,.68,-.624,.065,-.779,.52,.779,-.352,.583,-.624,-.52);
			es = "Constant";
			ed = "In";
		};
		["Right Leg"] = {
			cf = cfr(-.365,-.155,-.049,.797,-.032,-.604,.067,.997,.036,.601,-.069,.796);
			es = "Constant";
			ed = "In";
		};
		["Left Arm"] = {
			cf = cfr(-.175,-.109,1.037,.425,.048,-.904,-.222,-.962,-.156,-.878,.267,-.398);
			es = "Constant";
			ed = "In";
		};
	};
	{
		tm = 1.617;
		["Torso"] = {
			cf = cfr(-.733,-.223,-.159,.907,.334,.256,-.32,.942,-.098,-.274,.007,.962);
			es = "Constant";
			ed = "In";
		};
		["Head"] = {
			cf = cfr(0,0,0,.953,-.267,-.14,.244,.956,-.161,.177,.12,.977);
			es = "Constant";
			ed = "In";
		};
		["Left Leg"] = {
			cf = cfr(-.483,.152,.003,.833,-.537,-.132,.543,.75,.379,-.104,-.387,.916);
			es = "Constant";
			ed = "In";
		};
		["Right Arm"] = {
			cf = cfr(-.413,-.4,.679,-.621,.068,-.781,.515,.786,-.342,.591,-.614,-.523);
			es = "Constant";
			ed = "In";
		};
		["Right Leg"] = {
			cf = cfr(-.363,-.135,-.037,.794,-.04,-.606,.088,.995,.05,.601,-.093,.794);
			es = "Constant";
			ed = "In";
		};
		["Left Arm"] = {
			cf = cfr(-.173,-.115,1.046,.425,.04,-.904,-.205,-.969,-.139,-.882,.245,-.404);
			es = "Constant";
			ed = "In";
		};
	};
	{
		tm = 1.65;
		["Torso"] = {
			cf = cfr(-.741,-.223,-.189,.907,.334,.256,-.32,.942,-.098,-.274,.007,.962);
			es = "Constant";
			ed = "In";
		};
		["Head"] = {
			cf = cfr(0,0,0,.953,-.267,-.14,.244,.956,-.161,.177,.12,.977);
			es = "Constant";
			ed = "In";
		};
		["Left Leg"] = {
			cf = cfr(-.539,.144,.014,.811,-.57,-.132,.573,.728,.376,-.118,-.38,.917);
			es = "Constant";
			ed = "In";
		};
		["Right Arm"] = {
