-- // converted using mech's animoduler
local cfr = CFrame.new

return {
	{
		tm = 0;
		["HumanoidRootPart"] = {
			cf = cfr(0,0,0,1,0,0,0,1,0,0,0,1);
			es = "Linear";
			ed = "In";
		};
		["Torso"] = {
			cf = cfr(-.146,.024,-.303,.945,.317,.086,-.321,.946,.038,-.069,-.064,.996);
			es = "Linear";
			ed = "In";
		};
		["Right Arm"] = {
			cf = cfr(.512,.179,.13,-.189,-.594,-.782,.811,-.544,.217,-.554,-.593,.584);
			es = "Linear";
			ed = "In";
		};
		["Left Arm"] = {
			cf = cfr(-.619,.116,-.365,-.145,.493,-.858,-.915,-.396,-.072,-.375,.775,.509);
			es = "Linear";
			ed = "In";
		};
		["Right Leg"] = {
			cf = cfr(.607,.244,.094,.972,.109,-.206,-.086,.989,.119,.217,-.098,.971);
			es = "Linear";
			ed = "In";
		};
		["Left Leg"] = {
			cf = cfr(-.329,.382,.188,.745,-.416,.522,.153,.868,.472,-.649,-.272,.71);
			es = "Linear";
			ed = "In";
		};
		["Head"] = {
			cf = cfr(0,0,0,.816,.569,.107,-.57,.822,-.023,-.101,-.042,.994);
			es = "Linear";
			ed = "In";
		};
	};
	{
		tm = .033;
		["HumanoidRootPart"] = {
			cf = cfr(0,0,0,1,0,0,0,1,0,0,0,1);
			es = "Linear";
			ed = "In";
		};
		["Torso"] = {
			cf = cfr(-.161,.022,-.332,.957,.285,.045,-.287,.957,.035,-.033,-.046,.998);
			es = "Linear";
			ed = "In";
		};
		["Right Arm"] = {
			cf = cfr(.507,.133,.111,-.157,-.72,-.676,.876,-.417,.241,-.456,-.554,.696);
			es = "Linear";
			ed = "In";
		};
		["Left Arm"] = {
			cf = cfr(-.548,.07,-.332,-.048,.536,-.843,-.95,-.285,-.126,-.308,.795,.523);
			es = "Linear";
			ed = "In";
		};
		["Right Leg"] = {
			cf = cfr(.62,.33,.069,.968,.118,-.224,-.078,.981,.18,.24,-.156,.958);
			es = "Linear";
			ed = "In";
		};
		["Left Leg"] = {
			cf = cfr(-.402,.401,.222,.759,-.403,.511,.18,.885,.43,-.625,-.234,.745);
			es = "Linear";
			ed = "In";
		};
		["Head"] = {
			cf = cfr(0,0,0,.859,.504,.093,-.501,.864,-.054,-.107,-.001,.994);
			es = "Linear";
			ed = "In";
		};
	};
	{
		tm = .067;
		["HumanoidRootPart"] = {
			cf = cfr(0,0,0,1,0,0,0,1,0,0,0,1);
			es = "Linear";
			ed = "In";
		};
		["Torso"] = {
			cf = cfr(-.188,.014,-.401,.978,.201,-.046,-.2,.98,.022,.05,-.012,.999);
			es = "Linear";
			ed = "In";
		};
		["Right Arm"] = {
			cf = cfr(.494,.033,.063,-.015,-.937,-.348,.975,-.091,.202,-.221,-.336,.915);
			es = "Linear";
			ed = "In";
		};
		["Left Arm"] = {
			cf = cfr(-.394,-.032,-.25,.17,.601,-.781,-.974,-.017,-.225,-.149,.799,.582);
			es = "Linear";
			ed = "In";
		};
		["Right Leg"] = {
			cf = cfr(.617,.505,-.004,.952,.137,-.272,-.047,.948,.313,.301,-.286,.91);
			es = "Linear";
			ed = "In";
		};
		["Left Leg"] = {
			cf = cfr(-.514,.454,.252,.81,-.346,.474,.201,.922,.33,-.551,-.172,.816);
			es = "Linear";
			ed = "In";
		};
		["Head"] = {
			cf = cfr(0,0,0,.942,.327,.07,-.317,.94,-.124,-.107,.094,.99);
			es = "Linear";
			ed = "In";
		};
	};
	{
		tm = .1;
		["HumanoidRootPart"] = {
			cf = cfr(0,0,0,1,0,0,0,1,0,0,0,1);
			es = "Linear";
			ed = "In";
		};
		["Torso"] = {
			cf = cfr(-.199,0,-.475,.987,.086,-.136,-.087,.996,-.001,.135,.012,.991);
			es = "Linear";
			ed = "In";
		};
		["Right Arm"] = {
			cf = cfr(.482,-.067,-.004,.214,-.974,.075,.977,.215,.005,-.021,.072,.997);
			es = "Linear";
			ed = "In";
		};
		["Left Arm"] = {
			cf = cfr(-.239,-.133,-.145,.379,.634,-.674,-.925,.269,-.268,.011,.725,.689);
			es = "Linear";
			ed = "In";
		};
		["Right Leg"] = {
			cf = cfr(.588,.655,-.089,.926,.176,-.335,-.01,.896,.444,.378,-.408,.831);
			es = "Linear";
			ed = "In";
		};
		["Left Leg"] = {
			cf = cfr(-.57,.522,.237,.877,-.246,.412,.166,.961,.22,-.45,-.125,.884);
			es = "Linear";
			ed = "In";
		};
		["Head"] = {
			cf = cfr(0,0,0,.995,.082,.059,-.069,.978,-.195,-.074,.19,.979);
			es = "Linear";
			ed = "In";
		};
	};
	{
		tm = .133;
		["HumanoidRootPart"] = {
			cf = cfr(0,0,0,1,0,0,0,1,0,0,0,1);
			es = "Linear";
			ed = "In";
		};
		["Torso"] = {
			cf = cfr(-.169,-.012,-.51,.984,-.031,-.174,.028,.999,-.02,.175,.014,.984);
			es = "Linear";
			ed = "In";
		};
		["Right Arm"] = {
			cf = cfr(.477,-.113,-.079,.336,-.865,.372,.94,.286,-.183,.052,.412,.91);
			es = "Linear";
			ed = "In";
		};
		["Left Arm"] = {
			cf = cfr(-.169,-.18,-.046,.464,.692,-.553,-.879,.434,-.195,.105,.576,.81);
			es = "Linear";
			ed = "In";
		};
		["Right Leg"] = {
			cf = cfr(.564,.709,-.1,.888,.24,-.392,-.008,.861,.509,.46,-.449,.767);
			es = "Linear";
			ed = "In";
		};
		["Left Leg"] = {
			cf = cfr(-.58,.561,.193,.928,-.149,.342,.101,.983,.153,-.359,-.107,.927);
			es = "Linear";
			ed = "In";
		};
		["Head"] = {
			cf = cfr(0,0,0,.986,-.159,.057,.168,.96,-.223,-.019,.229,.973);
			es = "Linear";
			ed = "In";
		};
	};
	{
		tm = .167;
		["HumanoidRootPart"] = {
			cf = cfr(0,0,0,1,0,0,0,1,0,0,0,1);
			es = "Linear";
			ed = "In";
		};
		["Torso"] = {
			cf = cfr(-.109,-.015,-.495,.977,-.128,-.173,.125,.992,-.023,.174,.001,.985);
			es = "Linear";
			ed = "In";
		};
		["Right Arm"] = {
			cf = cfr(.487,-.096,-.153,.31,-.772,.555,.946,.196,-.256,.089,.604,.792);
			es = "Linear";
			ed = "In";
		};
		["Left Arm"] = {
			cf = cfr(-.194,-.153,.028,.407,.83,-.381,-.901,.433,-.02,.148,.351,.925);
			es = "Linear";
			ed = "In";
		};
		["Right Leg"] = {
			cf = cfr(.546,.684,-.035,.845,.31,-.436,-.041,.85,.524,.533,-.425,.732);
			es = "Linear";
			ed = "In";
		};
		["Left Leg"] = {
			cf = cfr(-.588,.536,.156,.954,-.095,.285,.062,.991,.121,-.294,-.098,.951);
			es = "Linear";
			ed = "In";
		};
		["Head"] = {
			cf = cfr(0,0,0,.941,-.336,.042,.337,.919,-.204,.03,.206,.978);
			es = "Linear";
			ed = "In";
		};
	};
	{
		tm = .2;
		["HumanoidRootPart"] = {
			cf = cfr(0,0,0,1,0,0,0,1,0,0,0,1);
			es = "Linear";
			ed = "In";
		};
		["Torso"] = {
			cf = cfr(-.048,-.01,-.457,.965,-.201,-.17,.201,.98,-.017,.17,-.018,.985);
			es = "Linear";
			ed = "In";
		};
		["Right Arm"] = {
			cf = cfr(.514,-.053,-.221,.226,-.695,.683,.963,.054,-.264,.146,.717,.681);
			es = "Linear";
			ed = "In";
		};
		["Left Arm"] = {
			cf = cfr(-.258,-.087,.078,.263,.96,-.097,-.944,.277,.18,.2,.044,.979);
			es = "Linear";
			ed = "In";
		};
		["Right Leg"] = {
			cf = cfr(.52,.633,.037,.805,.367,-.467,-.074,.842,.535,.589,-.396,.704);
			es = "Linear";
			ed = "In";
		};
		["Left Leg"] = {
			cf = cfr(-.599,.459,.141,.966,-.076,.245,.056,.995,.088,-.251,-.071,.965);
			es = "Linear";
			ed = "In";
		};
		["Head"] = {
			cf = cfr(0,0,0,.893,-.451,.012,.446,.879,-.166,.064,.154,.986);
			es = "Linear";
			ed = "In";
		};
	};
	{
		tm = .233;
		["HumanoidRootPart"] = {
			cf = cfr(0,0,0,1,0,0,0,1,0,0,0,1);
			es = "Linear";
			ed = "In";
		};
		["Torso"] = {
			cf = cfr(.011,-.002,-.408,.954,-.253,-.163,.256,.967,-.004,.159,-.038,.987);
			es = "Linear";
			ed = "In";
		};
		["Right Arm"] = {
			cf = cfr(.548,.002,-.279,.11,-.626,.772,.969,-.105,-.223,.22,.772,.596);
			es = "Linear";
			ed = "In";
		};
		["Left Arm"] = {
			cf = cfr(-.34,0,.108,.076,.963,.258,-.952,-.007,.306,.297,-.269,.916);
			es = "Linear";
			ed = "In";
		};
		["Right Leg"] = {
			cf = cfr(.479,.567,.1,.772,.407,-.488,-.1,.837,.538,.627,-.367,.687);
			es = "Linear";
			ed = "In";
		};
		["Left Leg"] = {
			cf = cfr(-.605,.361,.133,.972,-.079,.222,.067,.996,.063,-.226,-.047,.973);
			es = "Linear";
			ed = "In";
		};
		["Head"] = {
			cf = cfr(0,0,0,.854,-.519,-.026,.513,.85,-.12,.084,.089,.992);
			es = "Linear";
			ed = "In";
		};
	};
	{
		tm = .267;
		["HumanoidRootPart"] = {
			cf = cfr(0,0,0,1,0,0,0,1,0,0,0,1);
			es = "Linear";
			ed = "In";
		};
		["Torso"] = {
			cf = cfr(.064,.007,-.359,.946,-.288,-.149,.293,.956,.012,.139,-.055,.989);
			es = "Linear";
			ed = "In";
		};
		["Right Arm"] = {
			cf = cfr(.582,.057,-.325,-.011,-.563,.826,.955,-.251,-.158,.296,.787,.541);
			es = "Linear";
			ed = "In";
		};
		["Left Arm"] = {
			cf = cfr(-.423,.086,.123,-.078,.826,.558,-.904,-.295,.31,.42,-.481,.77);
			es = "Linear";
			ed = "In";
		};
		["Right Leg"] = {
			cf = cfr(.425,.499,.146,.751,.427,-.503,-.12,.838,.532,.649,-.339,.681);
			es = "Linear";
			ed = "In";
		};
		["Left Leg"] = {
			cf = cfr(-.602,.273,.123,.973,-.091,.21,.081,.995,.057,-.214,-.039,.976);
			es = "Linear";
			ed = "In";
		};
		["Head"] = {
			cf = cfr(0,0,0,.83,-.554,-.065,.55,.832,-.074,.095,.025,.995);
			es = "Linear";
			ed = "In";
		};
	};
	{
		tm = .3;
		["HumanoidRootPart"] = {
			cf = cfr(0,0,0,1,0,0,0,1,0,0,0,1);
			es = "Linear";
			ed = "In";
		};
		["Torso"] = {
			cf = cfr(.11,.017,-.32,.943,-.309,-.125,.314,.949,.027,.11,-.065,.992);
			es = "Linear";
			ed = "In";
		};
		["Right Arm"] = {
			cf = cfr(.608,.099,-.355,-.107,-.513,.852,.929,-.356,-.098,.353,.781,.515);
			es = "Linear";
			ed = "In";
		};
		["Left Arm"] = {
			cf = cfr(-.487,.152,.129,-.163,.664,.73,-.84,-.481,.25,.517,-.572,.636);
			es = "Linear";
			ed = "In";
		};
		["Right Leg"] = {
			cf = cfr(.37,.435,.172,.743,.429,-.514,-.136,.849,.511,.655,-.31,.689);
			es = "Linear";
			ed = "In";
		};
		["Left Leg"] = {
			cf = cfr(-.597,.225,.111,.973,-.103,.206,.089,.993,.074,-.212,-.054,.976);
			es = "Linear";
			ed = "In";
		};
		["Head"] = {
			cf = cfr(0,0,0,.819,-.567,-.095,.566,.824,-.038,.099,-.023,.995);
			es = "Linear";
			ed = "In";
		};
	};
	{
		tm = .333;
		["HumanoidRootPart"] = {
			cf = cfr(0,0,0,1,0,0,0,1,0,0,0,1);
			es = "Linear";
			ed = "In";
		};
		["Torso"] = {
			cf = cfr(.146,.024,-.303,.945,-.317,-.086,.321,.946,.038,.069,-.064,.996);
			es = "Linear";
			ed = "In";
		};
		["Right Arm"] = {
			cf = cfr(.619,.116,-.365,-.145,-.493,.858,.915,-.396,-.072,.375,.775,.509);
			es = "Linear";
			ed = "In";
		};
		["Left Arm"] = {
			cf = cfr(-.512,.179,.13,-.189,.594,.782,-.811,-.544,.217,.554,-.593,.584);
			es = "Linear";
			ed = "In";
		};
		["Right Leg"] = {
			cf = cfr(.329,.382,.188,.745,.416,-.522,-.153,.868,.472,.649,-.272,.71);
			es = "Linear";
			ed = "In";
		};
		["Left Leg"] = {
			cf = cfr(-.607,.244,.094,.972,-.109,.206,.086,.989,.119,-.217,-.098,.971);
			es = "Linear";
			ed = "In";
		};
		["Head"] = {
			cf = cfr(0,0,0,.816,-.569,-.107,.57,.822,-.023,.101,-.042,.994);
			es = "Linear";
			ed = "In";
		};
	};
	{
		tm = .367;
		["HumanoidRootPart"] = {
			cf = cfr(0,0,0,1,0,0,0,1,0,0,0,1);
			es = "Linear";
			ed = "In";
		};
		["Torso"] = {
			cf = cfr(.175,.025,-.332,.958,-.286,-.018,.287,.957,.039,.006,-.042,.999);
			es = "Linear";
			ed = "In";
		};
		["Right Arm"] = {
			cf = cfr(.548,.07,-.332,-.045,-.532,.845,.949,-.287,-.13,.312,.797,.518);
			es = "Linear";
			ed = "In";
		};
		["Left Arm"] = {
			cf = cfr(-.507,.133,.112,-.153,.716,.681,-.874,-.419,.245,.461,-.558,.69);
			es = "Linear";
			ed = "In";
		};
		["Right Leg"] = {
			cf = cfr(.387,.374,.234,.761,.394,-.516,-.193,.896,.399,.62,-.204,.758);
			es = "Linear";
			ed = "In";
		};
		["Left Leg"] = {
			cf = cfr(-.627,.362,.052,.968,-.116,.224,.067,.974,.215,-.243,-.193,.951);
			es = "Linear";
			ed = "In";
		};
		["Head"] = {
			cf = cfr(0,0,0,.859,-.504,-.094,.501,.864,-.054,.108,-.001,.994);
			es = "Linear";
			ed = "In";
		};
	};
	{
		tm = .4;
		["HumanoidRootPart"] = {
			cf = cfr(0,0,0,1,0,0,0,1,0,0,0,1);
			es = "Linear";
			ed = "In";
		};
		["Torso"] = {
			cf = cfr(.194,.016,-.402,.977,-.203,.07,.202,.979,.025,-.074,-.01,.997);
			es = "Linear";
			ed = "In";
		};
		["Right Arm"] = {
			cf = cfr(.394,-.032,-.251,.176,-.592,.787,.971,-.025,-.236,.159,.806,.57);
			es = "Linear";
			ed = "In";
		};
		["Left Arm"] = {
			cf = cfr(-.494,.033,.066,-.009,.931,.365,-.971,-.095,.218,.238,-.353,.905);
			es = "Linear";
			ed = "In";
		};
		["Right Leg"] = {
			cf = cfr(.502,.426,.273,.807,.34,-.482,-.215,.931,.296,.549,-.135,.825);
			es = "Linear";
			ed = "In";
		};
		["Left Leg"] = {
			cf = cfr(-.614,.529,-.029,.953,-.131,.273,.03,.937,.347,-.302,-.322,.897);
			es = "Linear";
			ed = "In";
		};
		["Head"] = {
			cf = cfr(0,0,0,.942,-.328,-.072,.318,.94,-.124,.109,.094,.99);
			es = "Linear";
			ed = "In";
		};
	};
	{
		tm = .433;
		["HumanoidRootPart"] = {
			cf = cfr(0,0,0,1,0,0,0,1,0,0,0,1);
			es = "Linear";
			ed = "In";
		};
		["Torso"] = {
			cf = cfr(.188,0,-.475,.986,-.088,.145,.089,.996,0,-.144,.013,.989);
			es = "Linear";
			ed = "In";
		};
		["Right Arm"] = {
			cf = cfr(.239,-.133,-.147,.383,-.625,.68,.924,.26,-.282,0,.736,.677);
			es = "Linear";
			ed = "In";
		};
		["Left Arm"] = {
			cf = cfr(-.482,-.067,-.001,.214,.975,-.056,-.976,.216,.026,.038,.049,.998);
			es = "Linear";
			ed = "In";
		};
		["Right Leg"] = {
			cf = cfr(.565,.509,.261,.872,.246,-.424,-.178,.965,.194,.457,-.094,.885);
			es = "Linear";
			ed = "In";
		};
		["Left Leg"] = {
			cf = cfr(-.578,.661,-.106,.927,-.168,.335,-.006,.887,.462,-.375,-.43,.821);
			es = "Linear";
			ed = "In";
		};
		["Head"] = {
			cf = cfr(0,0,0,.995,-.083,-.061,.069,.978,-.195,.076,.189,.979);
			es = "Linear";
			ed = "In";
		};
	};
	{
		tm = .467;
		["HumanoidRootPart"] = {
			cf = cfr(0,0,0,1,0,0,0,1,0,0,0,1);
			es = "Linear";
			ed = "In";
		};
		["Torso"] = {
			cf = cfr(.143,-.012,-.51,.984,.031,.174,-.028,.999,-.02,-.175,.014,.984);
			es = "Linear";
			ed = "In";
		};
		["Right Arm"] = {
			cf = cfr(.169,-.18,-.046,.464,-.692,.553,.879,.434,-.195,-.105,.576,.81);
			es = "Linear";
			ed = "In";
		};
		["Left Arm"] = {
			cf = cfr(-.477,-.113,-.079,.336,.865,-.372,-.94,.286,-.183,-.052,.412,.91);
			es = "Linear";
			ed = "In";
		};
		["Right Leg"] = {
			cf = cfr(.578,.558,.219,.922,.152,-.356,-.112,.985,.131,.371,-.081,.925);
			es = "Linear";
			ed = "In";
		};
		["Left Leg"] = {
			cf = cfr(-.55,.706,-.111,.89,-.233,.392,-.005,.854,.52,-.456,-.465,.759);
			es = "Linear";
			ed = "In";
		};
		["Head"] = {
			cf = cfr(0,0,0,.986,.159,-.057,-.168,.96,-.223,.019,.229,.973);
			es = "Linear";
			ed = "In";
		};
	};
	{
		tm = .5;
		["HumanoidRootPart"] = {
			cf = cfr(0,0,0,1,0,0,0,1,0,0,0,1);
			es = "Linear";
			ed = "In";
		};
		["Torso"] = {
			cf = cfr(.075,-.014,-.489,.976,.133,.172,-.131,.991,-.021,-.173,-.002,.985);
			es = "Linear";
			ed = "In";
		};
		["Right Arm"] = {
			cf = cfr(.205,-.142,.03,.383,-.858,.342,.909,.415,.022,-.161,.303,.939);
			es = "Linear";
			ed = "In";
		};
		["Left Arm"] = {
			cf = cfr(-.492,-.089,-.161,.3,.762,-.574,-.947,.169,-.272,-.11,.625,.772);
			es = "Linear";
			ed = "In";
		};
		["Right Leg"] = {
			cf = cfr(.588,.52,.182,.949,.101,-.298,-.076,.993,.095,.306,-.068,.95);
			es = "Linear";
			ed = "In";
		};
		["Left Leg"] = {
			cf = cfr(-.532,.673,-.038,.845,-.309,.435,.032,.843,.536,-.533,-.439,.723);
			es = "Linear";
			ed = "In";
		};
		["Head"] = {
			cf = cfr(0,0,0,.94,.339,-.036,-.339,.919,-.198,-.034,.199,.979);
			es = "Linear";
			ed = "In";
		};
	};
	{
		tm = .533;
		["HumanoidRootPart"] = {
			cf = cfr(0,0,0,1,0,0,0,1,0,0,0,1);
			es = "Linear";
			ed = "In";
		};
		["Torso"] = {
			cf = cfr(.008,-.007,-.438,.963,.212,.165,-.213,.977,-.011,-.164,-.025,.986);
			es = "Linear";
			ed = "In";
		};
		["Right Arm"] = {
			cf = cfr(.29,-.053,.08,.188,-.982,-.032,.953,.175,.248,-.238,-.077,.968);
			es = "Linear";
			ed = "In";
		};
		["Left Arm"] = {
			cf = cfr(-.527,-.032,-.239,.186,.675,-.714,-.965,-.012,-.263,-.187,.737,.649);
			es = "Linear";
			ed = "In";
		};
		["Right Leg"] = {
			cf = cfr(.603,.419,.16,.963,.089,-.255,-.074,.995,.066,.259,-.045,.965);
			es = "Linear";
			ed = "In";
		};
		["Left Leg"] = {
			cf = cfr(-.499,.606,.049,.801,-.373,.469,.073,.837,.542,-.595,-.4,.698);
			es = "Linear";
			ed = "In";
		};
		["Head"] = {
			cf = cfr(0,0,0,.889,.458,.003,-.452,.88,-.148,-.07,.13,.989);
			es = "Linear";
			ed = "In";
		};
	};
	{
		tm = .567;
		["HumanoidRootPart"] = {
			cf = cfr(0,0,0,1,0,0,0,1,0,0,0,1);
			es = "Linear";
			ed = "In";
		};
		["Torso"] = {
			cf = cfr(-.053,.004,-.378,.951,.268,.152,-.272,.962,.007,-.145,-.048,.988);
			es = "Linear";
			ed = "In";
		};
		["Right Arm"] = {
			cf = cfr(.391,.053,.111,-.025,-.895,-.446,.927,-.187,.324,-.374,-.405,.834);
			es = "Linear";
			ed = "In";
		};
		["Left Arm"] = {
			cf = cfr(-.569,.035,-.304,.038,.594,-.804,-.961,-.199,-.193,-.274,.78,.563);
			es = "Linear";
			ed = "In";
		};
		["Right Leg"] = {
			cf = cfr(.606,.307,.139,.969,.095,-.226,-.085,.995,.055,.23,-.034,.972);
			es = "Linear";
			ed = "In";
		};
		["Left Leg"] = {
			cf = cfr(-.444,.524,.123,.765,-.414,.493,.108,.838,.536,-.634,-.357,.686);
			es = "Linear";
			ed = "In";
		};
		["Head"] = {
			cf = cfr(0,0,0,.848,.527,.05,-.522,.848,-.091,-.09,.051,.995);
			es = "Linear";
			ed = "In";
		};
	};
	{
		tm = .6;
		["HumanoidRootPart"] = {
			cf = cfr(0,0,0,1,0,0,0,1,0,0,0,1);
			es = "Linear";
			ed = "In";
		};
		["Torso"] = {
			cf = cfr(-.106,.016,-.326,.944,.303,.127,-.309,.951,.025,-.114,-.063,.992);
			es = "Linear";
			ed = "In";
		};
		["Right Arm"] = {
			cf = cfr(.476,.142,.126,-.151,-.694,-.704,.851,-.454,.264,-.503,-.559,.659);
			es = "Linear";
			ed = "In";
		};
		["Left Arm"] = {
			cf = cfr(-.604,.092,-.349,-.09,.523,-.847,-.934,-.34,-.111,-.346,.781,.519);
			es = "Linear";
			ed = "In";
		};
		["Right Leg"] = {
			cf = cfr(.599,.234,.116,.972,.104,-.211,-.091,.993,.071,.217,-.05,.975);
			es = "Linear";
			ed = "In";
		};
		["Left Leg"] = {
			cf = cfr(-.378,.444,.167,.747,-.426,.511,.132,.847,.514,-.652,-.316,.689);
			es = "Linear";
			ed = "In";
		};
		["Head"] = {
			cf = cfr(0,0,0,.824,.56,.09,-.559,.828,-.043,-.099,-.015,.995);
			es = "Linear";
			ed = "In";
		};
	};
	{
		tm = .633;
		["HumanoidRootPart"] = {
			cf = cfr(0,0,0,1,0,0,0,1,0,0,0,1);
			es = "Linear";
			ed = "In";
		};
		["Torso"] = {
			cf = cfr(-.146,.024,-.303,.945,.317,.086,-.321,.946,.038,-.069,-.064,.996);
			es = "Linear";
			ed = "In";
		};
		["Right Arm"] = {
			cf = cfr(.512,.179,.13,-.189,-.594,-.782,.811,-.544,.217,-.554,-.593,.584);
			es = "Linear";
			ed = "In";
		};
		["Left Arm"] = {
			cf = cfr(-.619,.116,-.365,-.145,.493,-.858,-.915,-.396,-.072,-.375,.775,.509);
			es = "Linear";
			ed = "In";
		};
		["Right Leg"] = {
			cf = cfr(.607,.244,.094,.972,.109,-.206,-.086,.989,.119,.217,-.098,.971);
			es = "Linear";
			ed = "In";
		};
		["Left Leg"] = {
			cf = cfr(-.329,.382,.188,.745,-.416,.522,.153,.868,.472,-.649,-.272,.71);
			es = "Linear";
			ed = "In";
		};
		["Head"] = {
			cf = cfr(0,0,0,.816,.569,.107,-.57,.822,-.023,-.101,-.042,.994);
			es = "Linear";
			ed = "In";
		};
	};
	{
		tm = .667;
		["HumanoidRootPart"] = {
			cf = cfr(0,0,0,1,0,0,0,1,0,0,0,1);
			es = "Linear";
			ed = "In";
		};
		["Torso"] = {
			cf = cfr(-.167,.026,-.322,.952,.304,.025,-.304,.952,.041,-.012,-.047,.999);
			es = "Linear";
			ed = "In";
		};
		["Right Arm"] = {
			cf = cfr(.508,.149,.126,-.163,-.671,-.724,.853,-.465,.239,-.496,-.578,.647);
			es = "Linear";
			ed = "In";
		};
		["Left Arm"] = {
			cf = cfr(-.572,.085,-.347,-.077,.518,-.852,-.939,-.325,-.113,-.336,.791,.511);
			es = "Linear";
			ed = "In";
		};
		["Right Leg"] = {
			cf = cfr(.622,.343,.051,.971,.105,-.213,-.06,.976,.207,.23,-.188,.955);
			es = "Linear";
			ed = "In";
		};
		["Left Leg"] = {
			cf = cfr(-.373,.357,.238,.751,-.404,.523,.203,.894,.399,-.629,-.194,.753);
			es = "Linear";
			ed = "In";
		};
		["Head"] = {
			cf = cfr(0,0,0,.84,.533,.1,-.531,.846,-.044,-.108,-.016,.994);
			es = "Linear";
			ed = "In";
		};
	};
	{
		tm = .7;
		["HumanoidRootPart"] = {
			cf = cfr(0,0,0,1,0,0,0,1,0,0,0,1);
			es = "Linear";
			ed = "In";
		};
		["Torso"] = {
			cf = cfr(-.166,.021,-.371,.964,.261,-.045,-.259,.965,.034,.052,-.021,.998);
			es = "Linear";
			ed = "In";
		};
		["Right Arm"] = {
			cf = cfr(.5,.076,.11,-.074,-.839,-.539,.935,-.246,.255,-.346,-.486,.803);
			es = "Linear";
			ed = "In";
		};
		["Left Arm"] = {
			cf = cfr(-.46,.012,-.296,.086,.564,-.821,-.969,-.145,-.202,-.233,.813,.534);
			es = "Linear";
			ed = "In";
		};
		["Right Leg"] = {
			cf = cfr(.605,.474,-.027,.967,.094,-.237,-.013,.946,.323,.255,-.309,.916);
			es = "Linear";
			ed = "In";
		};
		["Left Leg"] = {
			cf = cfr(-.488,.373,.305,.772,-.385,.506,.263,.918,.297,-.579,-.096,.81);
			es = "Linear";
			ed = "In";
		};
		["Head"] = {
			cf = cfr(0,0,0,.898,.431,.086,-.423,.901,-.096,-.119,.05,.992);
			es = "Linear";
			ed = "In";
		};
	};
	{
		tm = .733;
		["HumanoidRootPart"] = {
			cf = cfr(0,0,0,1,0,0,0,1,0,0,0,1);
			es = "Linear";
			ed = "In";
		};
		["Torso"] = {
			cf = cfr(-.143,.011,-.434,.976,.188,-.11,-.188,.982,.018,.111,.003,.994);
			es = "Linear";
			ed = "In";
		};
		["Right Arm"] = {
			cf = cfr(.489,-.01,.075,.084,-.968,-.237,.983,.042,.178,-.162,-.249,.955);
			es = "Linear";
			ed = "In";
		};
		["Left Arm"] = {
			cf = cfr(-.327,-.076,-.224,.273,.598,-.753,-.957,.087,-.278,-.101,.797,.596);
			es = "Linear";
			ed = "In";
		};
		["Right Leg"] = {
			cf = cfr(.562,.588,-.116,.956,.094,-.278,.039,.898,.437,.291,-.429,.855);
			es = "Linear";
			ed = "In";
		};
		["Left Leg"] = {
			cf = cfr(-.589,.422,.339,.817,-.339,.466,.286,.941,.183,-.5,-.016,.866);
			es = "Linear";
			ed = "In";
		};
		["Head"] = {
			cf = cfr(0,0,0,.96,.268,.074,-.255,.954,-.157,-.113,.132,.985);
			es = "Linear";
			ed = "In";
		};
	};
	{
		tm = .767;
		["HumanoidRootPart"] = {
			cf = cfr(0,0,0,1,0,0,0,1,0,0,0,1);
			es = "Linear";
			ed = "In";
		};
		["Torso"] = {
			cf = cfr(-.099,-.002,-.487,.983,.09,-.157,-.091,.996,-.003,.156,.017,.988);
			es = "Linear";
			ed = "In";
		};
		["Right Arm"] = {
			cf = cfr(.481,-.082,.015,.252,-.963,.095,.967,.253,0,-.024,.092,.995);
			es = "Linear";
			ed = "In";
		};
		["Left Arm"] = {
			cf = cfr(-.216,-.149,-.137,.416,.625,-.66,-.909,.3,-.288,.018,.72,.693);
			es = "Linear";
			ed = "In";
		};
		["Right Leg"] = {
			cf = cfr(.516,.661,-.173,.935,.126,-.331,.071,.849,.524,.347,-.514,.785);
			es = "Linear";
			ed = "In";
		};
		["Left Leg"] = {
			cf = cfr(-.645,.484,.332,.874,-.269,.405,.259,.963,.079,-.411,.036,.911);
			es = "Linear";
			ed = "In";
		};
		["Head"] = {
			cf = cfr(0,0,0,.996,.063,.067,-.048,.977,-.206,-.078,.202,.976);
			es = "Linear";
			ed = "In";
		};
	};
	{
		tm = .8;
		["HumanoidRootPart"] = {
			cf = cfr(0,0,0,1,0,0,0,1,0,0,0,1);
			es = "Linear";
			ed = "In";
		};
		["Torso"] = {
			cf = cfr(-.037,-.012,-.51,.984,-.031,-.174,.028,.999,-.02,.175,.014,.984);
			es = "Linear";
			ed = "In";
		};
		["Right Arm"] = {
			cf = cfr(.477,-.113,-.079,.336,-.865,.372,.94,.286,-.183,.052,.412,.91);
			es = "Linear";
			ed = "In";
		};
		["Left Arm"] = {
			cf = cfr(-.169,-.18,-.046,.464,.692,-.553,-.879,.434,-.195,.105,.576,.81);
			es = "Linear";
			ed = "In";
		};
		["Right Leg"] = {
			cf = cfr(.487,.685,-.155,.898,.202,-.39,.06,.822,.566,.435,-.532,.726);
			es = "Linear";
			ed = "In";
		};
		["Left Leg"] = {
			cf = cfr(-.667,.524,.289,.924,-.194,.331,.2,.98,.014,-.327,.053,.944);
			es = "Linear";
			ed = "In";
		};
		["Head"] = {
			cf = cfr(0,0,0,.986,-.159,.057,.168,.96,-.223,-.019,.229,.973);
			es = "Linear";
			ed = "In";
		};
	};
	{
		tm = .833;
		["HumanoidRootPart"] = {
			cf = cfr(0,0,0,1,0,0,0,1,0,0,0,1);
			es = "Linear";
			ed = "In";
		};
		["Torso"] = {
			cf = cfr(.043,-.008,-.455,.975,-.163,-.149,.164,.986,-.012,.149,-.012,.989);
			es = "Linear";
			ed = "In";
		};
		["Right Arm"] = {
			cf = cfr(.514,-.053,-.204,.218,-.761,.611,.964,.073,-.254,.148,.644,.75);
			es = "Linear";
			ed = "In";
		};
		["Left Arm"] = {
			cf = cfr(-.258,-.087,.04,.251,.943,-.218,-.947,.286,.145,.199,.17,.965);
			es = "Linear";
			ed = "In";
		};
		["Right Leg"] = {
			cf = cfr(.461,.614,-.009,.836,.313,-.45,-.02,.838,.545,.548,-.447,.707);
			es = "Linear";
			ed = "In";
		};
		["Left Leg"] = {
			cf = cfr(-.679,.456,.209,.952,-.152,.265,.151,.988,.024,-.265,.017,.964);
			es = "Linear";
			ed = "In";
		};
		["Head"] = {
			cf = cfr(0,0,0,.93,-.368,.013,.365,.916,-.166,.049,.159,.986);
			es = "Linear";
			ed = "In";
		};
	};
	{
		tm = .867;
		["HumanoidRootPart"] = {
			cf = cfr(0,0,0,1,0,0,0,1,0,0,0,1);
			es = "Linear";
			ed = "In";
		};
		["Torso"] = {
			cf = cfr(.115,.011,-.356,.956,-.272,-.107,.275,.961,.018,.098,-.047,.994);
			es = "Linear";
			ed = "In";
		};
		["Right Arm"] = {
			cf = cfr(.582,.057,-.316,-.019,-.609,.793,.953,-.251,-.169,.302,.753,.585);
			es = "Linear";
			ed = "In";
		};
		["Left Arm"] = {
			cf = cfr(-.423,.086,.104,-.093,.875,.476,-.889,-.288,.356,.448,-.39,.804);
			es = "Linear";
			ed = "In";
		};
		["Right Leg"] = {
			cf = cfr(.383,.467,.145,.772,.39,-.501,-.115,.861,.495,.625,-.325,.71);
			es = "Linear";
			ed = "In";
		};
		["Left Leg"] = {
			cf = cfr(-.65,.318,.13,.967,-.128,.222,.112,.99,.083,-.23,-.055,.972);
			es = "Linear";
			ed = "In";
		};
		["Head"] = {
			cf = cfr(0,0,0,.854,-.516,-.063,.512,.856,-.071,.091,.029,.995);
			es = "Linear";
			ed = "In";
		};
	};
	{
		tm = .9;
		["HumanoidRootPart"] = {
			cf = cfr(0,0,0,1,0,0,0,1,0,0,0,1);
			es = "Linear";
			ed = "In";
		};
		["Torso"] = {
			cf = cfr(.146,.024,-.303,.945,-.317,-.086,.321,.946,.038,.069,-.064,.996);
			es = "Linear";
			ed = "In";
		};
		["Right Arm"] = {
			cf = cfr(.619,.116,-.365,-.145,-.493,.858,.915,-.396,-.072,.375,.775,.509);
			es = "Linear";
			ed = "In";
		};
		["Left Arm"] = {
			cf = cfr(-.512,.179,.13,-.189,.594,.782,-.811,-.544,.217,.554,-.593,.584);
			es = "Linear";
			ed = "In";
		};
		["Right Leg"] = {
			cf = cfr(.329,.382,.188,.745,.416,-.522,-.153,.868,.472,.649,-.272,.71);
			es = "Linear";
			ed = "In";
		};
		["Left Leg"] = {
			cf = cfr(-.607,.244,.094,.972,-.109,.206,.086,.989,.119,-.217,-.098,.971);
			es = "Linear";
			ed = "In";
		};
		["Head"] = {
			cf = cfr(0,0,0,.816,-.569,-.107,.57,.822,-.023,.101,-.042,.994);
			es = "Linear";
			ed = "In";
		};
	};
	{
		tm = .933;
		["HumanoidRootPart"] = {
			cf = cfr(0,0,0,1,0,0,0,1,0,0,0,1);
			es = "Linear";
			ed = "In";
		};
		["Torso"] = {
			cf = cfr(.092,.025,-.34,.944,-.316,-.089,.321,.946,.04,.071,-.067,.995);
			es = "Linear";
			ed = "In";
		};
		["Right Arm"] = {
			cf = cfr(.596,.074,-.3,-.148,-.55,.822,.947,-.317,-.042,.284,.772,.568);
			es = "Linear";
			ed = "In";
		};
		["Left Arm"] = {
			cf = cfr(-.46,.161,.061,-.206,.593,.778,-.878,-.463,.121,.432,-.658,.616);
			es = "Linear";
			ed = "In";
		};
		["Right Leg"] = {
			cf = cfr(.393,.401,.175,.73,.448,-.516,-.17,.851,.498,.662,-.275,.697);
			es = "Linear";
			ed = "In";
		};
		["Left Leg"] = {
			cf = cfr(-.628,.281,.086,.972,-.113,.206,.084,.986,.147,-.219,-.125,.968);
			es = "Linear";
			ed = "In";
		};
		["Head"] = {
			cf = cfr(0,0,0,.817,-.571,-.088,.57,.821,-.029,.089,-.026,.996);
			es = "Linear";
			ed = "In";
		};
	};
	{
		tm = .967;
		["HumanoidRootPart"] = {
			cf = cfr(0,0,0,1,0,0,0,1,0,0,0,1);
			es = "Linear";
			ed = "In";
		};
		["Torso"] = {
			cf = cfr(-.008,.026,-.423,.944,-.316,-.095,.321,.946,.041,.077,-.069,.995);
			es = "Linear";
			ed = "In";
		};
		["Right Arm"] = {
			cf = cfr(.547,-.029,-.167,-.119,-.669,.734,.985,-.174,.002,.126,.723,.679);
			es = "Linear";
			ed = "In";
		};
		["Left Arm"] = {
			cf = cfr(-.362,.106,-.067,-.203,.674,.71,-.936,-.345,.06,.286,-.653,.701);
			es = "Linear";
			ed = "In";
		};
		["Right Leg"] = {
			cf = cfr(.491,.454,.147,.705,.495,-.508,-.187,.821,.54,.684,-.285,.671);
			es = "Linear";
			ed = "In";
		};
		["Left Leg"] = {
			cf = cfr(-.668,.356,.063,.971,-.118,.206,.076,.977,.199,-.224,-.177,.958);
			es = "Linear";
			ed = "In";
		};
		["Head"] = {
			cf = cfr(0,0,0,.819,-.573,-.043,.571,.82,-.045,.061,.013,.998);
			es = "Linear";
			ed = "In";
		};
	};
	{
		tm = 1;
		["HumanoidRootPart"] = {
			cf = cfr(0,0,0,1,0,0,0,1,0,0,0,1);
			es = "Linear";
			ed = "In";
		};
		["Torso"] = {
			cf = cfr(-.065,.026,-.504,.943,-.315,-.104,.321,.946,.04,.085,-.071,.994);
			es = "Linear";
			ed = "In";
		};
		["Right Arm"] = {
			cf = cfr(.504,-.157,-.061,-.072,-.72,.691,.997,-.068,.033,.023,.691,.723);
			es = "Linear";
			ed = "In";
		};
		["Left Arm"] = {
			cf = cfr(-.31,.009,-.136,-.186,.72,.668,-.96,-.279,.034,.211,-.635,.743);
			es = "Linear";
			ed = "In";
		};
		["Right Leg"] = {
			cf = cfr(.578,.51,.136,.678,.537,-.502,-.202,.793,.575,.707,-.288,.646);
			es = "Linear";
			ed = "In";
		};
		["Left Leg"] = {
			cf = cfr(-.719,.423,.048,.969,-.135,.205,.087,.97,.229,-.23,-.204,.952);
			es = "Linear";
			ed = "In";
		};
		["Head"] = {
			cf = cfr(0,0,0,.82,-.572,.017,.572,.818,-.065,.023,.063,.998);
			es = "Linear";
			ed = "In";
		};
	};
	{
		tm = 1.033;
		["HumanoidRootPart"] = {
			cf = cfr(0,0,0,1,0,0,0,1,0,0,0,1);
			es = "Linear";
			ed = "In";
		};
		["Torso"] = {
			cf = cfr(-.063,.025,-.55,.943,-.315,-.112,.321,.946,.04,.093,-.073,.993);
			es = "Linear";
			ed = "In";
		};
		["Right Arm"] = {
			cf = cfr(.483,-.275,-.018,-.042,-.695,.718,.999,-.01,.049,-.026,.719,.694);
			es = "Linear";
			ed = "In";
		};
		["Left Arm"] = {
			cf = cfr(-.311,-.121,-.135,-.174,.714,.678,-.964,-.265,.033,.203,-.648,.734);
			es = "Linear";
			ed = "In";
		};
		["Right Leg"] = {
			cf = cfr(.629,.545,.149,.657,.562,-.503,-.214,.779,.59,.723,-.279,.632);
			es = "Linear";
			ed = "In";
		};
		["Left Leg"] = {
			cf = cfr(-.766,.455,.052,.966,-.16,.205,.113,.968,.223,-.234,-.192,.953);
			es = "Linear";
			ed = "In";
		};
		["Head"] = {
			cf = cfr(0,0,0,.819,-.568,.077,.573,.815,-.085,-.014,.114,.993);
			es = "Linear";
			ed = "In";
		};
	};
	{
		tm = 1.067;
		["HumanoidRootPart"] = {
			cf = cfr(0,0,0,1,0,0,0,1,0,0,0,1);
			es = "Linear";
			ed = "In";
		};
		["Torso"] = {
			cf = cfr(-.049,.024,-.567,.942,-.314,-.118,.321,.946,.039,.1,-.074,.992);
			es = "Linear";
			ed = "In";
		};
		["Right Arm"] = {
			cf = cfr(.475,-.362,-.003,-.029,-.662,.749,.997,.038,.072,-.076,.749,.659);
			es = "Linear";
			ed = "In";
		};
		["Left Arm"] = {
			cf = cfr(-.322,-.24,-.133,-.16,.699,.697,-.965,-.258,.038,.206,-.667,.716);
			es = "Linear";
			ed = "In";
		};
		["Right Leg"] = {
			cf = cfr(.65,.564,.161,.643,.571,-.51,-.221,.776,.59,.733,-.267,.626);
			es = "Linear";
			ed = "In";
		};
		["Left Leg"] = {
			cf = cfr(-.79,.461,.063,.963,-.176,.205,.133,.969,.209,-.236,-.174,.956);
			es = "Linear";
			ed = "In";
		};
		["Head"] = {
			cf = cfr(0,0,0,.817,-.564,.122,.575,.812,-.1,-.043,.152,.987);
			es = "Linear";
			ed = "In";
		};
	};
	{
		tm = 1.1;
		["HumanoidRootPart"] = {
			cf = cfr(0,0,0,1,0,0,0,1,0,0,0,1);
			es = "Linear";
			ed = "In";
		};
		["Torso"] = {
			cf = cfr(-.026,.024,-.57,.942,-.314,-.121,.321,.946,.038,.102,-.075,.992);
			es = "Linear";
			ed = "In";
		};
		["Right Arm"] = {
			cf = cfr(.474,-.395,0,-.026,-.645,.763,.995,.059,.083,-.099,.762,.64);
			es = "Linear";
			ed = "In";
		};
		["Left Arm"] = {
			cf = cfr(-.353,-.292,-.128,-.141,.673,.726,-.962,-.268,.062,.236,-.689,.685);
			es = "Linear";
			ed = "In";
		};
		["Right Leg"] = {
			cf = cfr(.654,.572,.177,.633,.572,-.521,-.228,.781,.581,.74,-.249,.625);
			es = "Linear";
			ed = "In";
		};
		["Left Leg"] = {
			cf = cfr(-.806,.458,.074,.96,-.189,.206,.149,.97,.193,-.236,-.155,.959);
			es = "Linear";
			ed = "In";
		};
		["Head"] = {
			cf = cfr(0,0,0,.816,-.561,.141,.576,.811,-.106,-.054,.168,.984);
			es = "Linear";
			ed = "In";
		};
	};
	{
		tm = 1.133;
		["HumanoidRootPart"] = {
			cf = cfr(0,0,0,1,0,0,0,1,0,0,0,1);
			es = "Linear";
			ed = "In";
		};
		["Torso"] = {
			cf = cfr(-.001,.024,-.527,.942,-.314,-.119,.321,.946,.038,.101,-.074,.992);
			es = "Linear";
			ed = "In";
		};
		["Right Arm"] = {
			cf = cfr(.52,-.265,-.12,-.068,-.608,.791,.998,-.056,.042,.019,.792,.61);
			es = "Linear";
			ed = "In";
		};
		["Left Arm"] = {
			cf = cfr(-.433,-.122,-.005,-.148,.63,.762,-.932,-.348,.106,.332,-.694,.639);
			es = "Linear";
			ed = "In";
		};
		["Right Leg"] = {
			cf = cfr(.607,.551,.187,.638,.55,-.538,-.221,.801,.556,.737,-.236,.633);
			es = "Linear";
			ed = "In";
		};
		["Left Leg"] = {
			cf = cfr(-.783,.418,.085,.962,-.182,.206,.147,.974,.175,-.232,-.138,.963);
			es = "Linear";
			ed = "In";
		};
		["Head"] = {
			cf = cfr(0,0,0,.819,-.568,.077,.573,.815,-.085,-.014,.114,.993);
			es = "Linear";
			ed = "In";
		};
	};
	{
		tm = 1.167;
		["HumanoidRootPart"] = {
			cf = cfr(0,0,0,1,0,0,0,1,0,0,0,1);
			es = "Linear";
			ed = "In";
		};
		["Torso"] = {
			cf = cfr(.023,.024,-.447,.943,-.315,-.11,.321,.946,.038,.092,-.071,.993);
			es = "Linear";
			ed = "In";
		};
		["Right Arm"] = {
			cf = cfr(.605,-.023,-.341,-.128,-.527,.84,.961,-.275,-.026,.244,.804,.542);
			es = "Linear";
			ed = "In";
		};
		["Left Arm"] = {
			cf = cfr(-.537,.192,.215,-.178,.59,.788,-.867,-.472,.158,.465,-.655,.595);
			es = "Linear";
			ed = "In";
		};
		["Right Leg"] = {
			cf = cfr(.509,.5,.182,.657,.504,-.561,-.198,.832,.518,.728,-.229,.646);
			es = "Linear";
			ed = "In";
		};
		["Left Leg"] = {
			cf = cfr(-.717,.357,.086,.967,-.151,.206,.118,.979,.164,-.226,-.134,.965);
			es = "Linear";
			ed = "In";
		};
		["Head"] = {
			cf = cfr(0,0,0,.819,-.573,-.043,.571,.82,-.045,.061,.013,.998);
			es = "Linear";
			ed = "In";
		};
	};
	{
		tm = 1.2;
		["HumanoidRootPart"] = {
			cf = cfr(0,0,0,1,0,0,0,1,0,0,0,1);
			es = "Linear";
			ed = "In";
		};
		["Torso"] = {
			cf = cfr(.046,.024,-.403,.945,-.317,-.086,.321,.946,.038,.069,-.064,.996);
			es = "Linear";
			ed = "In";
		};
		["Right Arm"] = {
			cf = cfr(.65,.107,-.46,-.145,-.493,.858,.915,-.396,-.072,.375,.775,.509);
			es = "Linear";
			ed = "In";
		};
		["Left Arm"] = {
			cf = cfr(-.588,.361,.332,-.189,.594,.782,-.811,-.544,.217,.554,-.593,.584);
			es = "Linear";
			ed = "In";
		};
		["Right Leg"] = {
			cf = cfr(.435,.458,.183,.665,.466,-.583,-.185,.859,.477,.724,-.209,.658);
			es = "Linear";
			ed = "In";
		};
		["Left Leg"] = {
			cf = cfr(-.677,.348,.074,.97,-.125,.207,.088,.98,.181,-.225,-.158,.962);
			es = "Linear";
			ed = "In";
		};
		["Head"] = {
			cf = cfr(0,0,0,.816,-.569,-.107,.57,.822,-.023,.101,-.042,.994);
			es = "Linear";
			ed = "In";
		};
	};
	{
		tm = 1.233;
		["HumanoidRootPart"] = {
			cf = cfr(0,0,0,1,0,0,0,1,0,0,0,1);
			es = "Linear";
			ed = "In";
		};
		["Torso"] = {
			cf = cfr(.064,.023,-.408,.951,-.307,-.043,.308,.951,.036,.03,-.048,.998);
			es = "Linear";
			ed = "In";
		};
		["Right Arm"] = {
			cf = cfr(.615,.086,-.44,-.09,-.528,.844,.926,-.356,-.125,.367,.771,.521);
			es = "Linear";
			ed = "In";
		};
		["Left Arm"] = {
			cf = cfr(-.58,.326,.317,-.166,.678,.716,-.821,-.497,.28,.546,-.541,.64);
			es = "Linear";
			ed = "In";
		};
		["Right Leg"] = {
			cf = cfr(.43,.447,.226,.665,.442,-.601,-.206,.883,.422,.718,-.157,.679);
			es = "Linear";
			ed = "In";
		};
		["Left Leg"] = {
			cf = cfr(-.67,.41,.038,.97,-.113,.214,.06,.969,.238,-.234,-.218,.947);
			es = "Linear";
			ed = "In";
		};
		["Head"] = {
			cf = cfr(0,0,0,.835,-.541,-.102,.54,.841,-.038,.106,-.023,.994);
			es = "Linear";
			ed = "In";
		};
	};
	{
		tm = 1.267;
		["HumanoidRootPart"] = {
			cf = cfr(0,0,0,1,0,0,0,1,0,0,0,1);
			es = "Linear";
			ed = "In";
		};
		["Torso"] = {
			cf = cfr(.076,.019,-.426,.962,-.274,.012,.274,.961,.031,-.02,-.026,.999);
			es = "Linear";
			ed = "In";
		};
		["Right Arm"] = {
			cf = cfr(.525,.033,-.388,.035,-.572,.82,.954,-.226,-.199,.299,.789,.537);
			es = "Linear";
			ed = "In";
		};
		["Left Arm"] = {
			cf = cfr(-.559,.238,.272,-.108,.815,.569,-.886,-.339,.317,.452,-.47,.758);
			es = "Linear";
			ed = "In";
		};
		["Right Leg"] = {
			cf = cfr(.453,.453,.293,.683,.406,-.608,-.237,.91,.341,.691,-.088,.717);
			es = "Linear";
			ed = "In";
		};
		["Left Leg"] = {
			cf = cfr(-.638,.492,-.023,.968,-.097,.233,.017,.947,.321,-.251,-.307,.918);
			es = "Linear";
			ed = "In";
		};
		["Head"] = {
			cf = cfr(0,0,0,.88,-.466,-.091,.46,.885,-.076,.116,.025,.993);
			es = "Linear";
			ed = "In";
		};
	};
	{
		tm = 1.3;
		["HumanoidRootPart"] = {
			cf = cfr(0,0,0,1,0,0,0,1,0,0,0,1);
			es = "Linear";
			ed = "In";
		};
		["Torso"] = {
			cf = cfr(.08,.013,-.452,.973,-.222,.071,.221,.975,.021,-.074,-.005,.997);
			es = "Linear";
			ed = "In";
		};
		["Right Arm"] = {
			cf = cfr(.41,-.036,-.314,.191,-.602,.775,.963,-.039,-.268,.192,.797,.572);
			es = "Linear";
			ed = "In";
		};
		["Left Arm"] = {
			cf = cfr(-.533,.124,.206,0,.939,.344,-.954,-.104,.282,.301,-.328,.895);
			es = "Linear";
			ed = "In";
		};
		["Right Leg"] = {
			cf = cfr(.477,.468,.356,.72,.352,-.598,-.256,.936,.242,.645,-.021,.764);
			es = "Linear";
			ed = "In";
		};
		["Left Leg"] = {
			cf = cfr(-.589,.57,-.094,.961,-.087,.263,-.03,.911,.412,-.275,-.404,.873);
			es = "Linear";
			ed = "In";
		};
		["Head"] = {
			cf = cfr(0,0,0,.934,-.347,-.08,.336,.933,-.126,.118,.091,.989);
			es = "Linear";
			ed = "In";
		};
	};
	{
		tm = 1.333;
		["HumanoidRootPart"] = {
			cf = cfr(0,0,0,1,0,0,0,1,0,0,0,1);
			es = "Linear";
			ed = "In";
		};
		["Torso"] = {
			cf = cfr(.072,.005,-.479,.981,-.151,.124,.151,.988,.008,-.123,.011,.992);
			es = "Linear";
			ed = "In";
		};
		["Right Arm"] = {
			cf = cfr(.294,-.105,-.225,.335,-.616,.713,.939,.159,-.303,.073,.771,.632);
			es = "Linear";
			ed = "In";
		};
		["Left Arm"] = {
			cf = cfr(-.506,.01,.121,.143,.987,.079,-.98,.13,.154,.142,-.1,.985);
			es = "Linear";
			ed = "In";
		};
		["Right Leg"] = {
			cf = cfr(.493,.487,.396,.773,.284,-.568,-.249,.958,.141,.584,.033,.811);
			es = "Linear";
			ed = "In";
		};
		["Left Leg"] = {
			cf = cfr(-.535,.63,-.156,.949,-.095,.301,-.069,.868,.492,-.308,-.488,.817);
			es = "Linear";
			ed = "In";
		};
		["Head"] = {
			cf = cfr(0,0,0,.978,-.194,-.072,.179,.968,-.175,.104,.159,.982);
			es = "Linear";
			ed = "In";
		};
	};
	{
		tm = 1.367;
		["HumanoidRootPart"] = {
			cf = cfr(0,0,0,1,0,0,0,1,0,0,0,1);
			es = "Linear";
			ed = "In";
		};
		["Torso"] = {
			cf = cfr(.052,-.005,-.501,.985,-.065,.161,.067,.998,-.007,-.16,.018,.987);
			es = "Linear";
			ed = "In";
		};
		["Right Arm"] = {
			cf = cfr(.205,-.158,-.133,.433,-.635,.64,.901,.329,-.284,-.03,.699,.714);
			es = "Linear";
			ed = "In";
		};
		["Left Arm"] = {
			cf = cfr(-.485,-.078,.024,.273,.947,-.167,-.962,.272,-.026,.021,.168,.986);
			es = "Linear";
			ed = "In";
		};
		["Right Leg"] = {
			cf = cfr(.504,.506,.404,.829,.212,-.517,-.215,.975,.055,.516,.066,.854);
			es = "Linear";
			ed = "In";
		};
		["Left Leg"] = {
			cf = cfr(-.493,.666,-.186,.93,-.13,.344,-.087,.831,.549,-.357,-.541,.762);
			es = "Linear";
			ed = "In";
		};
		["Head"] = {
			cf = cfr(0,0,0,.998,-.019,-.067,.004,.977,-.211,.069,.211,.975);
			es = "Linear";
			ed = "In";
		};
	};
	{
		tm = 1.4;
		["HumanoidRootPart"] = {
			cf = cfr(0,0,0,1,0,0,0,1,0,0,0,1);
			es = "Linear";
			ed = "In";
		};
		["Torso"] = {
			cf = cfr(.016,-.012,-.51,.984,.031,.174,-.028,.999,-.02,-.175,.014,.984);
			es = "Linear";
			ed = "In";
		};
		["Right Arm"] = {
			cf = cfr(.169,-.18,-.046,.464,-.692,.553,.879,.434,-.195,-.105,.576,.81);
			es = "Linear";
			ed = "In";
		};
		["Left Arm"] = {
			cf = cfr(-.477,-.113,-.079,.336,.865,-.372,-.94,.286,-.183,-.052,.412,.91);
			es = "Linear";
			ed = "In";
		};
		["Right Leg"] = {
			cf = cfr(.525,.52,.369,.88,.151,-.45,-.165,.986,.008,.445,.068,.893);
			es = "Linear";
			ed = "In";
		};
		["Left Leg"] = {
			cf = cfr(-.473,.68,-.163,.9,-.195,.389,-.072,.815,.575,-.429,-.545,.72);
			es = "Linear";
			ed = "In";
		};
		["Head"] = {
			cf = cfr(0,0,0,.986,.159,-.057,-.168,.96,-.223,.019,.229,.973);
			es = "Linear";
			ed = "In";
		};
	};
	{
		tm = 1.433;
		["HumanoidRootPart"] = {
			cf = cfr(0,0,0,1,0,0,0,1,0,0,0,1);
			es = "Linear";
			ed = "In";
		};
		["Torso"] = {
			cf = cfr(-.03,-.011,-.478,.977,.133,.167,-.132,.991,-.018,-.168,-.005,.986);
			es = "Linear";
			ed = "In";
		};
		["Right Arm"] = {
			cf = cfr(.223,-.124,.027,.342,-.882,.324,.928,.372,.033,-.15,.289,.945);
			es = "Linear";
			ed = "In";
		};
		["Left Arm"] = {
			cf = cfr(-.499,-.077,-.183,.269,.784,-.559,-.956,.146,-.255,-.118,.603,.789);
			es = "Linear";
			ed = "In";
		};
		["Right Leg"] = {
			cf = cfr(.569,.471,.295,.921,.123,-.37,-.13,.991,.004,.368,.045,.929);
			es = "Linear";
			ed = "In";
		};
		["Left Leg"] = {
			cf = cfr(-.47,.645,-.066,.854,-.287,.434,-.013,.822,.57,-.521,-.492,.698);
			es = "Linear";
			ed = "In";
		};
		["Head"] = {
			cf = cfr(0,0,0,.946,.324,-.027,-.323,.928,-.188,-.036,.187,.982);
			es = "Linear";
			ed = "In";
		};
	};
	{
		tm = 1.467;
